5.293919235098000354e+04
5.294416364386000350e+04
5.294627021121999860e+04
5.294713421029999881e+04
5.294820669469000131e+04
5.294916542551999737e+04
5.294916632656999718e+04
5.294916722206000122e+04
5.303902485488999810e+04
5.303902593327000068e+04
5.303902699774999928e+04
5.326725853551999899e+04
5.326726029032000224e+04
5.326726404411999829e+04
5.326726510283000243e+04
5.326726615599000070e+04
5.326726721110999642e+04
5.326726826669999718e+04
5.326726932077999663e+04
5.326727037612999993e+04
5.326727143680999870e+04
5.326727249806000327e+04
5.326727355572999659e+04
5.328004452620999655e+04
5.328026633340999979e+04
5.328026919969000301e+04
5.328027107142000023e+04
5.328104624537999916e+04
5.328104717754000012e+04
5.328104810911999812e+04
5.328104903827000089e+04
5.328104997043000185e+04
5.328105090270999790e+04
5.328105183602000034e+04
5.328105276482999761e+04
5.328105370196000149e+04
5.328105463007000071e+04
5.328105555899000319e+04
5.328105648836999899e+04
5.328105741983999906e+04
5.328105836137000006e+04
5.328105929271999776e+04
5.328106022962999850e+04
5.328106115762000263e+04
5.328106208722999872e+04
5.328106301510999765e+04
5.328106394634000026e+04
5.328106488150999940e+04
5.328106975575999968e+04
5.328107069023000076e+04
5.328107162273999711e+04
5.328107255894999980e+04
5.328107348844999797e+04
5.328107442165000248e+04
5.328107534940999903e+04
5.328107628283999657e+04
5.328107721835999837e+04
5.328107814543000131e+04
5.328107907272999728e+04
5.328108000118999917e+04
5.328108093219999864e+04
5.328108186482000019e+04
5.328108279963999667e+04
5.328108372462000261e+04
5.328108465389000048e+04
5.328108558361999894e+04
5.328108651809000003e+04
5.328109172396999929e+04
5.328109254651000083e+04
5.328109337136999966e+04
5.328109419055000035e+04
5.328109501078000176e+04
5.328109583597999881e+04
5.328109665366000263e+04
5.328109747528000298e+04
5.328109830071000033e+04
5.328109911955000280e+04
5.328109995992000040e+04
5.328110078210999927e+04
5.328110160835999704e+04
5.328110243287000048e+04
5.328110325762000139e+04
5.328110407865999878e+04
5.328110490155000298e+04
5.328110571645000164e+04
5.328110653979999915e+04
5.328110735782999836e+04
5.328110818083000049e+04
5.328110900035999657e+04
5.328110982209000213e+04
5.328111064081999939e+04
5.328111145802999818e+04
5.328111227687000064e+04
5.328111309420000180e+04
5.328111391662999813e+04
5.328111473662000208e+04
5.328111556368000311e+04
5.328111639072999969e+04
5.328111721130999649e+04
5.328111803466000129e+04
5.328111885720000282e+04
5.328111967500000173e+04
5.328112049349000154e+04
5.328112131347999821e+04
5.328112213509999856e+04
5.328112296053000318e+04
5.328112378167999850e+04
5.328112459913000203e+04
5.328112542283000221e+04
5.328112624723000044e+04
5.328112706769000215e+04
5.328112789091999730e+04
5.328112871404000180e+04
5.328112953808999737e+04
5.328113036329000170e+04
5.328113118779999786e+04
5.328113201000000117e+04
5.328113283219000004e+04
5.328113365542999964e+04
5.328113447820000147e+04
5.328113529669000127e+04
5.328113611390999722e+04
5.328113693852999859e+04
5.328113775644000270e+04
5.328113857621000352e+04
5.328113939899000252e+04
5.328114022187999944e+04
5.328114103885999793e+04
5.328114185839000129e+04
5.328114267734999885e+04
5.328114349745999789e+04
5.328114432150000357e+04
5.328114514346999931e+04
5.328114596960000199e+04
5.328114679133000027e+04
5.328114761536999868e+04
5.328114843664000364e+04
5.328114925224000035e+04
5.328115007478000189e+04
5.328115090205999877e+04
5.328115172518000327e+04
5.328115254634000303e+04
5.328115336506000313e+04
5.328115418517000217e+04
5.328115500620999956e+04
5.328115583037000033e+04
5.328115665465000347e+04
5.328115747823000129e+04
5.328115830355000071e+04
5.328115912191999814e+04
5.328115994134000357e+04
5.328116076086999965e+04
5.328116158538000309e+04
5.328116240944000310e+04
5.328116325374000007e+04
5.328116407233999780e+04
5.328116489246000128e+04
5.328116571048000333e+04
5.328116653452999890e+04
5.328116735707000043e+04
5.328116818135000358e+04
5.328116900215000351e+04
5.328116982388999895e+04
5.328117064342000231e+04
5.328117146954999771e+04
5.328117228733999946e+04
5.328117310931000247e+04
5.328117408961999899e+04
5.328117491274000349e+04
5.328117573817999801e+04
5.328117655968000327e+04
5.328117738290999841e+04
5.328117820278999716e+04
5.328117902290000347e+04
5.328117984394000086e+04
5.328118066810000164e+04
5.328118149527000060e+04
5.328118231550000201e+04
5.328118314313999872e+04
5.328118396416999894e+04
5.328118478612999752e+04
5.328118559998999990e+04
5.328118642068000190e+04
5.328118724241000018e+04
5.328118805800999689e+04
5.328118888044000050e+04
5.328118970378999802e+04
5.328119052969000040e+04
5.328119135292000283e+04
5.328119217765999929e+04
5.328119299755000247e+04
5.328119382146999851e+04
5.328119464783999865e+04
5.328119547164999676e+04
5.328119628771000134e+04
5.328119710712999949e+04
5.328119795732999773e+04
5.328119877604999783e+04
5.328119959673999983e+04
5.328120042228999955e+04
5.328120124275000126e+04
5.328120206193999911e+04
5.328120288227999845e+04
5.328120370748000278e+04
5.328120453186999657e+04
5.328120535442000255e+04
5.328120617568000307e+04
5.328120699684000283e+04
5.328120781243000238e+04
5.328120863531999930e+04
5.328120945403999940e+04
5.328121027393000259e+04
5.328121109034000256e+04
5.328121192722999695e+04
5.328121274480000284e+04
5.328121356548999756e+04
5.328121439080999698e+04
5.328121521011000004e+04
5.328121603183999832e+04
5.328121685450000223e+04
5.328121767541999725e+04
5.328121849715000280e+04
5.328121932062000269e+04
5.328122014478000347e+04
5.328122096453999984e+04
5.328122179265000159e+04
5.328122261230000004e+04
5.328204595140000310e+04
5.328204678309000155e+04
5.328204760794000322e+04
5.328204844171000150e+04
5.328204926831000193e+04
5.328205009201000212e+04
5.328205091779000213e+04
5.328205174241000350e+04
5.328205257362999691e+04
5.328205339583000023e+04
5.328205422299999918e+04
5.328205504379999911e+04
5.328205587096999807e+04
5.328205669502000092e+04
5.328205751687000156e+04
5.328205833292999887e+04
5.328205916553999850e+04
5.328205998831000034e+04
5.328206080322000344e+04
5.328206163525000011e+04
5.328206245745000342e+04
5.328206328416000179e+04
5.328206410958999913e+04
5.328206493167000008e+04
5.328206575467999937e+04
5.328206658218999655e+04
5.328206741445999796e+04
5.328206823851000081e+04
5.328206906637000066e+04
5.328206989122999948e+04
5.328207072106000123e+04
5.328207154302999697e+04
5.328207236371999898e+04
5.328207318359999772e+04
5.328207400313000107e+04
5.328207688295000116e+04
5.328207771001000219e+04
5.328207853487000102e+04
5.328207935624999664e+04
5.328208018435000122e+04
5.328208101152000017e+04
5.328208183799999824e+04
5.328208265568000206e+04
5.328208348978999857e+04
5.328208430770000268e+04
5.328208512758000143e+04
5.328208594989000267e+04
5.328208677775999968e+04
5.328208760215000075e+04
5.328208842295999784e+04
5.328208925314000226e+04
5.328209007880999707e+04
5.328209089995999966e+04
5.328209173141000065e+04
5.328209255418999965e+04
5.328209338309000304e+04
5.328209420354999747e+04
5.328209502470000007e+04
5.328209584968000127e+04
5.328209667187000014e+04
5.328209749534000002e+04
5.328209832343999733e+04
5.328209914423999726e+04
5.328209997766999732e+04
5.328210079638999741e+04
5.328210161222000170e+04
5.328210243903999799e+04
5.328210326922000240e+04
5.328210409187999903e+04
5.328210492251999676e+04
5.328210574841999914e+04
5.328210657419999916e+04
5.328210740634999820e+04
5.328210822519000067e+04
5.328210905456000182e+04
5.328210988185000315e+04
5.328211070116000337e+04
5.328211152648000279e+04
5.328211235411000234e+04
5.328211316519999673e+04
5.328211398519000068e+04
5.328211480901000323e+04
5.328211562992999825e+04
5.328211646763000317e+04
5.328211729087000276e+04
5.328211812104999990e+04
5.328211894914999721e+04
5.328211977296000259e+04
5.328212060603999998e+04
5.328212143297999864e+04
5.328212225806999777e+04
5.328212308615999791e+04
5.328212390870999661e+04
5.328212473634000344e+04
5.328212556467000104e+04
5.328212638721000258e+04
5.328212720616000297e+04
5.328212803541999892e+04
5.328212886432999949e+04
5.328212968548000208e+04
5.328213584204999643e+04
5.328213666620999720e+04
5.328213748620000115e+04
5.328213830307000171e+04
5.328213913383000181e+04
5.328213995163000072e+04
5.328214077856999938e+04
5.328214160342999821e+04
5.328214242666000064e+04
5.328214324851000129e+04
5.328214407580000261e+04
5.328214490053999907e+04
5.328215492071000335e+04
5.328215574267000193e+04
5.328215656463000050e+04
5.328215739747999760e+04
5.328215821827999753e+04
5.328215904348999902e+04
5.328215986590999819e+04
5.328216069273999892e+04
5.328216151782000088e+04
5.328216234018999967e+04
5.328216317072999664e+04
5.328216399259999889e+04
5.328216481996999937e+04
5.328216564112000196e+04
5.328216646770000079e+04
5.328216728580000199e+04
5.328216811009999947e+04
5.328216893189999973e+04
5.328216975374000322e+04
5.328217057953999756e+04
5.328217140063000261e+04
5.328217222241999843e+04
5.328217304573000001e+04
5.328217386383999838e+04
5.328217468301000190e+04
5.328217550923999806e+04
5.328217633257999842e+04
5.328217715511999995e+04
5.328217798274999950e+04
5.328217880726000294e+04
5.328217964113999915e+04
5.328218047120999836e+04
5.328218129339000006e+04
5.328218212682000012e+04
5.328218295121999836e+04
5.328218376531999820e+04
5.328218459330999758e+04
5.328218541504000314e+04
5.328218623711999680e+04
5.328218706499999826e+04
5.328218788499999937e+04
5.328218870998000057e+04
5.328218953147999855e+04
5.328219036131999746e+04
5.328219119047000277e+04
5.328219201186000282e+04
5.328219283533000271e+04
5.328219366471000103e+04
5.328219450635000248e+04
5.328219533411000157e+04
5.328219615155999782e+04
5.328219697363999876e+04
5.328219779571999970e+04
5.328219860925000103e+04
5.328219943515000341e+04
5.328220025688000169e+04
5.328220108312999946e+04
5.328220190590999846e+04
5.328220273319999978e+04
5.328220355608999671e+04
5.328220437921000121e+04
5.328220520407000004e+04
5.328220602499999950e+04
5.328220683979000023e+04
5.328220767147999868e+04
5.328220849425000051e+04
5.328220932524999807e+04
5.328221014524000202e+04
5.328221097449999797e+04
5.328221181105000142e+04
5.328221263683999859e+04
5.328221345811000356e+04
5.328221427034999942e+04
5.328221509833000164e+04
5.328221591798000009e+04
5.328221674203000293e+04
5.328221756294999796e+04
5.328221839105999970e+04
5.328221921001000010e+04
5.328222004205000121e+04
5.328222085440000228e+04
5.328222168239000166e+04
5.328222250262000307e+04
5.328222332910000114e+04
5.328222414874999959e+04
5.328222497221999947e+04
5.328222581352000270e+04
5.328222663722000289e+04
5.359334683223000320e+04
5.359334821801000362e+04
5.359334961756999837e+04
5.360427250828999968e+04
5.360427981131999695e+04
5.360428711053000006e+04
5.361526274225000088e+04
5.361526367832999676e+04
5.361526461176000157e+04
5.361526554854000278e+04
5.361526648890999786e+04
5.361729329675000190e+04
5.361729411118000280e+04
5.361729492490999837e+04
5.361729574177999893e+04
5.361729655517000356e+04
5.361729737364999892e+04
5.361729819051000231e+04
5.361729900911000004e+04
5.361729981948999921e+04
5.361730062906000239e+04
5.361833724962000269e+04
5.361833806370000093e+04
5.361833887546999904e+04
5.361833968966999964e+04
5.361834050212999864e+04
5.361834131483000237e+04
5.361834212231999845e+04
5.361834294044999842e+04
5.361834375847000047e+04
5.361834456861999934e+04
5.361937509280000086e+04
5.361937590607000311e+04
5.361937672374000249e+04
5.361937753620999865e+04
5.361937835851000273e+04
5.361937917711000046e+04
5.361937999593999848e+04
5.361938081429999875e+04
5.361938163545000134e+04
5.361938245289000042e+04
5.362028455691999989e+04
5.362028537284999766e+04
5.362028620036999928e+04
5.362028701595000166e+04
5.362028783547999774e+04
5.362028864910000266e+04
5.362028946051999810e+04
5.362029027425999811e+04
5.362029109656000219e+04
5.362029191411999636e+04
5.362127177436000056e+04
5.362127259238000261e+04
5.362127341190000152e+04
5.362127423350000026e+04
5.362127508012000180e+04
5.362127589315999649e+04
5.362127670619999844e+04
5.362127751669999998e+04
5.362127835901999788e+04
5.362127918189999764e+04
5.366616757610999775e+04
5.366616861891999724e+04
5.366616966508999758e+04
5.366617071137000312e+04
5.366617175729999872e+04
5.366617280126999685e+04
5.366617384362000303e+04
5.366617488828000205e+04
5.366617593040000065e+04
5.366617697205000150e+04
5.368712970731999667e+04
5.368713075245000073e+04
5.368713179341000068e+04
5.368713283264000347e+04
5.368713387833999877e+04
5.368713492705999670e+04
5.368713597276999644e+04
5.368713702460999775e+04
5.368713806442000350e+04
5.368713910410999961e+04
5.369018469894000009e+04
5.369018555388999812e+04
5.369018636855999648e+04
5.371109154203000071e+04
5.371109225170999707e+04
5.371109295618000033e+04
5.371109366759000113e+04
5.371213552163999702e+04
5.371213626418999775e+04
5.371213697097999830e+04
5.371213767869000003e+04
5.371309511065999686e+04
5.371309581361999881e+04
5.371309652574000211e+04
5.371309726920999674e+04
5.371409624050999992e+04
5.371409695099999954e+04
5.371409768521999649e+04
5.371409839490000013e+04
5.371507728869000130e+04
5.371507798829999956e+04
5.371507868454999698e+04
5.371507938485000341e+04
5.371609638296999765e+04
5.371609708200000023e+04
5.371609779120999883e+04
5.371609849406000285e+04
5.371804377111000213e+04
5.371822460183999647e+04
5.372004509751000296e+04
5.372004581263000000e+04
5.372004658331000246e+04
5.372004733501000010e+04
5.372004806934999942e+04
5.372007932438999705e+04
5.372008003442000336e+04
5.372008074304999900e+04
5.372008147969999845e+04
5.372008219320000353e+04
5.372011009257999831e+04
5.372011079623999831e+04
5.372011152259999653e+04
5.372011225854999793e+04
5.372011299138000322e+04
5.372014275692000228e+04
5.372014346359000047e+04
5.372014417048999894e+04
5.372014488097999856e+04
5.372014561392000178e+04
5.372017583751000348e+04
5.372017654580000089e+04
5.372017726427999878e+04
5.372017798228999891e+04
5.372017871071999980e+04
5.372020580792999681e+04
5.372020651679999719e+04
5.372020722358000057e+04
5.372020792619999702e+04
5.372020862674000091e+04
5.372022542311999860e+04
5.372022613003000151e+04
5.372022686655999860e+04
5.372022757843999716e+04
5.372022831125999801e+04
5.376004369813000085e+04
5.376004434703999868e+04
5.376004501249999885e+04
5.376004566511000303e+04
5.376004629271999875e+04
5.376004694220999954e+04
5.376004759806000220e+04
5.376004823238000245e+04
5.376004886080000142e+04
5.376004950067999744e+04
5.391638762208999833e+04
5.391638828670999646e+04
5.391638900689000002e+04
5.391638969720999739e+04
5.391639038740999968e+04
5.391639108791000035e+04
5.393033922603999963e+04
5.393033985581999877e+04
5.393034051729999919e+04
5.393034114986000350e+04
5.393034181828999863e+04
5.393034247909000260e+04
5.393242825830000220e+04
5.393242889339999965e+04
5.393242954435999854e+04
5.393243017102000158e+04
5.393243079153000144e+04
5.393243143022000004e+04
5.393338304300999880e+04
5.393338367591000133e+04
5.393338431621999916e+04
5.393338493025000207e+04
5.393338562126000033e+04
5.393338625704999868e+04
5.393428219576000265e+04
5.393428282600000239e+04
5.393428350717000285e+04
5.393428420419999748e+04
5.393428492158999870e+04
5.393428561110000010e+04
5.393624610964000021e+04
5.393624680968000030e+04
5.393624747070999729e+04
5.393624817584000266e+04
5.393624881024000206e+04
5.393624951837999834e+04
5.397327939339000295e+04
5.397328003508999973e+04
5.397328073836000112e+04
5.397328146594000282e+04
5.397328212881999934e+04
5.397328280200999870e+04
5.397938463619999675e+04
5.397938572317999933e+04
5.397938682033999794e+04
5.397938792931000353e+04
5.397938907125999685e+04
5.397939015998000104e+04
5.398715669242999866e+04
5.398715732081999886e+04
5.398715797872000257e+04
5.398715862922000088e+04
5.398715925355999934e+04
5.398715995370999735e+04
5.404515666547999717e+04
5.404515804424999806e+04
5.404515939709999657e+04
5.405608184723000159e+04
5.405608250050000061e+04
5.405608315284999844e+04
5.405608380243000283e+04
5.405608445639999991e+04
5.405608511372000066e+04
5.407500617092999892e+04
5.407501058262999868e+04
5.407501308379999682e+04
5.407501444069999707e+04
5.407501550013999804e+04
5.407501762605999829e+04
5.407502351666000322e+04
5.407502433521999774e+04
5.407502515644999949e+04
5.407502597835999768e+04
5.407502681150999706e+04
5.407502763353999762e+04
5.407502845499999967e+04
5.407502927669000201e+04
5.407503009849000227e+04
5.407503092017999734e+04
5.407503174197999761e+04
5.407503256366999994e+04
5.407503338570999767e+04
5.407503420727999764e+04
5.407503502896999998e+04
5.407503585077000025e+04
5.407503668402999756e+04
5.407503750595000020e+04
5.407503832764000254e+04
5.407503914944000280e+04
5.407503997101000277e+04
5.407504079351000109e+04
5.407504161474000284e+04
5.407504243677000341e+04
5.407504325822999817e+04
5.407504408038000111e+04
5.407504490184000315e+04
5.407504572364000342e+04
5.407504655725000339e+04
5.407504737893999845e+04
5.407504820063000079e+04
5.407504902207999839e+04
5.407504984400000103e+04
5.407505066557000100e+04
5.407505148749000364e+04
5.407505230930000107e+04
5.407505313121999643e+04
5.407505395267000131e+04
5.407505477435999637e+04
5.407505559604999871e+04
5.407505642942999839e+04
5.407505725111000356e+04
5.407505807292000100e+04
5.407505889506999665e+04
5.407505971663999662e+04
5.407506053855999926e+04
5.407506135989999893e+04
5.407506218182000157e+04
5.407506300362000184e+04
5.407506382553999720e+04
5.407506464699999924e+04
5.407506546926999727e+04
5.407506630207000126e+04
5.407506798398999672e+04
5.407506880382000236e+04
5.407506962411999848e+04
5.407507044558000052e+04
5.407507126738000079e+04
5.407507208907000313e+04
5.407507291180000175e+04
5.407507373291000113e+04
5.407507455448000110e+04
5.407507537628000136e+04
5.407507619808999880e+04
5.407507702024000173e+04
5.407507784145999904e+04
5.407507866326999647e+04
5.407507948506999674e+04
5.407508030698999937e+04
5.407508112868000171e+04
5.407508195036999678e+04
5.407508277251999971e+04
5.407508359385999938e+04
5.407508441578000202e+04
5.407508523746999708e+04
5.407508605926999735e+04
5.407508688200000324e+04
5.407508770404000097e+04
5.407508852525999828e+04
5.407508934625000256e+04
5.407509016806000000e+04
5.407509100143999967e+04
5.407509182288999727e+04
5.407509264516000258e+04
5.407509346684999764e+04
5.407509428818999731e+04
5.407509511010999995e+04
5.407509593180000229e+04
5.407509675348000019e+04
5.407509757540000282e+04
5.407509839744000055e+04
5.407509921913000289e+04
5.407510004104999825e+04
5.407510087385000224e+04
5.407510169576999760e+04
5.407510251756999787e+04
5.407510333902999992e+04
5.407510416257000179e+04
5.407510498298000311e+04
5.407510580443999788e+04
5.407510662659000081e+04
5.407510744803999842e+04
5.407510826973000076e+04
5.407510929456000304e+04
5.407511012214999937e+04
5.407511094384000171e+04
5.407511176518000138e+04
5.407511258709999674e+04
5.407511340843999642e+04
5.407511423046999698e+04
5.407511505203999695e+04
5.407511587419999705e+04
5.407511669599999732e+04
5.407520226497999829e+04
5.407520296976000100e+04
5.407520872714000143e+04
5.407521077320000040e+04
5.407522093601999950e+04
5.407522200111999700e+04
5.407522306599000149e+04
5.407522413085999870e+04
5.407522518485999899e+04
5.407522624892000022e+04
5.407522731390999979e+04
5.407522837866000191e+04
5.407522944342000119e+04
5.407523050828999840e+04
5.407523157293000259e+04
5.407523262668999814e+04
5.407523367952999979e+04
5.407523474428000191e+04
5.407523580927000148e+04
5.407523687413999869e+04
5.407523793902000034e+04
5.407523899255000288e+04
5.407524004607999814e+04
5.407524110990999907e+04
5.407524217500999657e+04
5.407524322853999911e+04
5.407524429295000300e+04
5.407524534670999856e+04
5.407524641100000008e+04
5.407524747563999699e+04
5.407524852975000249e+04
5.407524959392999881e+04
5.407525065868000092e+04
5.407525172344000021e+04
5.407525278819999949e+04
5.407525384219000262e+04
5.407525490659999923e+04
5.407525597124000342e+04
5.407525703611000063e+04
5.407525810074999754e+04
5.409909610462999990e+04
5.409909658058999776e+04
5.409909705525999743e+04
5.409909752994000155e+04
5.409909800484999869e+04
5.409909847871999955e+04
5.409909895397999935e+04
5.409909942785000021e+04
5.409909990252999705e+04
5.409910037836000265e+04
5.409910085165000055e+04
5.409910132575000171e+04
5.409910180065999884e+04
5.409910227499000030e+04
5.409910274966999714e+04
5.409910322399999859e+04
5.409910369902999810e+04
5.409910417348000192e+04
5.409910464826999669e+04
5.409910512248000305e+04
5.409910559680999722e+04
5.409910607126000104e+04
5.409910654582000279e+04
5.409910702085000230e+04
5.409910749517999648e+04
5.409910796963000030e+04
5.409910844488000293e+04
5.409910891886999889e+04
5.409910939330999827e+04
5.409910986810999748e+04
5.409911034220999863e+04
5.409911081723999814e+04
5.409911129179999989e+04
5.409911176623999927e+04
5.409911224069000309e+04
5.409911271501999727e+04
5.409911318934999872e+04
5.409911366391999763e+04
5.409911413858999731e+04
5.409911461304000113e+04
5.409911590142000205e+04
5.409911648930000229e+04
5.409911707809999643e+04
5.409911766863999947e+04
5.409911825872000190e+04
5.409911886095000227e+04
5.409912178680999932e+04
5.409912226380000357e+04
5.409912653937999858e+04
5.409912702041999728e+04
5.409912749499000347e+04
5.409912796954999794e+04
5.409912912818000041e+04
5.409912960123000084e+04
5.409913007636999828e+04
5.409913055059000180e+04
5.409913102503999835e+04
5.409913151140999980e+04
5.409913198574000126e+04
5.409913246041999810e+04
5.409913293485999748e+04
5.409913342112000100e+04
5.409913389556000038e+04
5.409913438170000154e+04
5.409913485591999779e+04
5.409913533058999747e+04
5.409913580517999799e+04
5.409913628009000240e+04
5.409913675430999865e+04
5.409913722910000070e+04
5.409913770320000185e+04
5.409913817798999662e+04
5.409913865221000015e+04
5.409913912711999728e+04
5.409913962447999802e+04
5.409914011074000155e+04
5.409914058646000194e+04
5.409914106031999836e+04
5.409914153454000189e+04
5.409914200887000334e+04
5.409914249512000242e+04
5.409914296933999867e+04
5.409914344436999818e+04
5.409914391846000217e+04
5.409914439303000108e+04
5.409914486782000313e+04
5.409914535349999642e+04
5.409914582864000113e+04
5.409914631465999992e+04
5.409914678886999900e+04
5.409914726343999791e+04
5.409914773777999653e+04
5.410009718093000265e+04
5.410009950837000360e+04
5.410010084687000199e+04
5.410010225550999894e+04
5.410010357526000007e+04
5.412405057315000158e+04
5.412405116090999945e+04
5.412405175099000189e+04
5.412405234141000255e+04
5.412405293171999801e+04
5.412405352180000045e+04
5.413306575482000335e+04
5.413306634350000240e+04
5.413306693357999757e+04
5.413306752342999971e+04
5.413306811351000215e+04
5.413306870393000281e+04
5.429343536311999924e+04
5.429343630090000079e+04
5.429343723925999802e+04
5.429343817657999898e+04
5.429343912524000189e+04
5.429344006603000162e+04
5.429344100382000033e+04
5.429344194078999863e+04
5.429344287636999798e+04
5.429344381427000189e+04
5.429344476281000243e+04
5.431037863805000234e+04
5.431037922765999974e+04
5.431037981936000142e+04
5.431038040955000179e+04
5.431038099939999665e+04
5.431038159006000205e+04
5.433634272066000267e+04
5.433634342186000140e+04
5.433634412837999844e+04
5.433634483409999666e+04
5.433832227925999905e+04
5.433832298751999770e+04
5.433832369681999990e+04
5.433832440497000061e+04
5.433925038250999933e+04
5.433925097316999745e+04
5.433925156463999883e+04
5.433925215483999636e+04
5.433925274815999728e+04
5.433925335027999972e+04
5.435027071591999993e+04
5.435027130461000343e+04
5.435027189468999859e+04
5.435027248813000188e+04
5.435027307555000152e+04
5.435027366539999639e+04
5.438417812877999677e+04
5.438417953662000218e+04
5.438418093994999799e+04
5.442015487492999819e+04
5.442015592417999869e+04
5.442015697586000169e+04
5.442015802604000055e+04
5.442015907539999898e+04
5.442016012615000363e+04
5.442016117736000160e+04
5.442016222672000004e+04
5.442016327851999813e+04
5.442016432765000354e+04
5.442016537886000151e+04
5.442016643145999842e+04
5.442016748058999656e+04
5.442016853874999651e+04
5.442016959076999774e+04
5.442111824876999890e+04
5.442112082229000225e+04
5.442112170080999931e+04
5.442112257723999937e+04
5.442112345345000358e+04
5.442112433138999768e+04
5.442112520899000083e+04
5.442112608670000191e+04
5.442112696775999939e+04
5.442112784419999662e+04
5.442112872375999723e+04
5.442112959915000101e+04
5.442113047547000315e+04
5.442113135294999665e+04
5.442113222695000150e+04
5.442113310859999910e+04
5.442113398595999752e+04
5.442113486784000270e+04
5.442113574486000289e+04
5.442113662766000198e+04
5.442113750374999654e+04
5.442211090692000289e+04
5.442211178520999965e+04
5.442211267739000323e+04
5.442211356019000232e+04
5.442211443719999806e+04
5.442211531375000050e+04
5.442211619249999785e+04
5.442211707056000159e+04
5.442211794745999941e+04
5.442211882550999871e+04
5.442211971513999742e+04
5.442212059320000117e+04
5.442212146952000330e+04
5.442212234885000362e+04
5.442212323754999670e+04
5.442212411699999939e+04
5.442212499471000046e+04
5.442212587103000260e+04
5.442212676112000190e+04
5.442212763755000196e+04
5.442314253651000035e+04
5.442314405001999694e+04
5.442314556029000232e+04
5.442314707367999654e+04
5.442314858626000205e+04
5.442315010010999686e+04
5.442315161721000186e+04
5.442315312922000157e+04
5.442315464400000201e+04
5.442408083495000028e+04
5.442408236280999699e+04
5.442408387945000140e+04
5.442408539480000036e+04
5.442408691202000045e+04
5.442408842760999687e+04
5.442408994341999642e+04
5.442409146375999990e+04
5.442409298028000194e+04
5.442512680802000250e+04
5.442512832384999638e+04
5.442512983944000007e+04
5.442513135896000313e+04
5.442513287188999675e+04
5.442513438840999879e+04
5.442513590469000337e+04
5.442513742051999725e+04
5.442513894062000327e+04
5.442611841337999795e+04
5.442611993244000041e+04
5.442612144802999683e+04
5.442612296593999781e+04
5.442612448048999795e+04
5.442612688201000128e+04
5.442612782557999890e+04
5.442612876313000015e+04
5.442612970034000318e+04
5.442613063916000101e+04
5.442613157856000180e+04
5.442613251298999967e+04
5.442613345064999885e+04
5.442714383675000136e+04
5.442714536229000078e+04
5.442714687625999795e+04
5.442714839254999970e+04
5.442714992527000140e+04
5.442715144814999803e+04
5.442715296559999842e+04
5.442715448107999691e+04
5.442715599677999853e+04
5.442818401902999904e+04
5.442818507081999996e+04
5.442818612423000013e+04
5.442818717787999776e+04
5.442818823059999704e+04
5.442818928366000182e+04
5.442819033730999945e+04
5.442819139013999666e+04
5.442819244459000038e+04
5.442819349649999640e+04
5.442819454990999657e+04
5.442819560333000118e+04
5.442819665789999999e+04
5.442819771015000151e+04
5.442819876299000316e+04
5.442907881356000144e+04
5.442908242220000102e+04
5.442908597285999713e+04
5.442908702672999789e+04
5.442908808038000279e+04
5.442908913310000207e+04
5.442909018731999822e+04
5.442909123980999721e+04
5.442909229310000228e+04
5.442909334628999932e+04
5.442909439969999949e+04
5.442909545323000202e+04
5.442909651091999694e+04
5.442909755913000117e+04
5.442909861647999787e+04
5.444112141118999716e+04
5.444112212523000198e+04
5.444112284275000275e+04
5.444112354926999978e+04
5.444216092357999878e+04
5.444216163992999645e+04
5.444216235687000153e+04
5.444216306258000259e+04
5.444308648766999977e+04
5.444308721063000121e+04
5.444308792397999787e+04
5.444308864160999656e+04
5.463342131387999689e+04
5.463342202826999710e+04
5.463342273918999854e+04
5.463342344523999782e+04
5.463440268010000000e+04
5.463440356521999638e+04
5.463440445241000270e+04
5.463440534261999710e+04
5.467338771740999800e+04
5.467339038815000094e+04
5.467339306177999970e+04
5.467339573599000141e+04
5.467741513721000229e+04
5.467741620277999755e+04
5.467741726337000000e+04
5.467741832812000212e+04
5.467741939784999704e+04
5.467742045959999814e+04
5.467742152748000080e+04
5.467742259164999996e+04
5.467742365201000212e+04
5.467742472196999734e+04
5.467742578602999856e+04
5.467742684651000309e+04
5.468240558718000102e+04
5.468240665610999713e+04
5.468240771982000297e+04
5.468240877912999713e+04
5.468240983799000242e+04
5.468241090204999637e+04
5.468241196229000343e+04
5.468241303399000026e+04
5.468241409689000284e+04
5.468241515655999683e+04
5.468241621529000258e+04
5.468241727900000114e+04
5.470038471151999693e+04
5.470038577049999731e+04
5.470038683016000141e+04
5.470038788635999663e+04
5.470038894902999891e+04
5.470039001309999730e+04
5.470039107299999887e+04
5.470039213254999777e+04
5.470039318828000251e+04
5.470039423995999823e+04
5.470039530032000039e+04
5.470039635883000301e+04
5.470039742313000170e+04
5.470039848268000060e+04
5.470039954708999721e+04
5.470238155492999795e+04
5.470238332354999875e+04
5.470238508199000353e+04
5.470238684053999896e+04
5.470238858831999823e+04
5.470239033622999705e+04
5.470636559405000298e+04
5.470636804465000023e+04
5.470637049362999824e+04
5.470637294075999671e+04
5.470734126947000186e+04
5.470734302212000330e+04
5.470734478564000165e+04
5.470734654071000114e+04
5.470734830458999932e+04
5.471032296007999685e+04
5.471032437277999998e+04
5.471032578130999900e+04
5.471032719319000171e+04
5.471032860079000238e+04
5.471033003165999980e+04
5.471631029631000274e+04
5.471631170703999669e+04
5.471631311465000181e+04
5.471631452051999804e+04
5.471732734589999745e+04
5.471732823495999764e+04
5.471732911024000350e+04
5.471733001052000327e+04
5.471838177508000081e+04
5.471838266773000214e+04
5.471838355921000039e+04
5.471838444572000299e+04
5.473921241913999984e+04
5.473921394262999820e+04
5.473921546564000164e+04
5.473921699339999759e+04
5.473921852057999786e+04
5.473922005191999779e+04
5.473922156196000287e+04
5.473922308334999980e+04
5.474318303354999807e+04
5.474318599286999961e+04
5.474318707082999754e+04
5.474318813247000071e+04
5.474318919294999796e+04
5.474319025007000164e+04
5.474319131634000223e+04
5.474319238400000177e+04
5.474319344807000016e+04
5.474319451295000181e+04
5.474319557447000261e+04
5.474327793014999770e+04
5.474327898334000201e+04
5.474328003929999977e+04
5.474328109689000121e+04
5.474328215562999685e+04
5.474328321311000036e+04
5.474328425818999676e+04
5.474328531646999909e+04
5.474328637567999976e+04
5.474328743871999905e+04
5.474426654771999893e+04
5.474426737960000173e+04
5.474426821308999934e+04
5.474426904602000286e+04
5.474426987615999678e+04
5.474427070850000018e+04
5.474427154755999800e+04
5.474427237641999818e+04
5.474427320216999942e+04
5.474427402651999728e+04
5.474427486047999992e+04
5.474427570417000243e+04
5.474427653720999660e+04
5.474427736688999721e+04
5.474427819794999959e+04
5.474517021088000183e+04
5.474517116302000068e+04
5.474517210961000092e+04
5.474517305550000310e+04
5.474517400035000173e+04
5.474517494623999664e+04
5.474517589445000340e+04
5.474517684079999890e+04
5.474517778507000185e+04
5.474517873477999819e+04
5.474517968403000123e+04
5.474518062841000210e+04
5.474523956613000337e+04
5.474524050831000204e+04
5.474524144933999924e+04
5.474524239731999842e+04
5.474524334298000031e+04
5.474524428007000097e+04
5.474524522306000290e+04
5.474524616421000246e+04
5.474524711009999737e+04
5.474524805367000226e+04
5.474524900049000280e+04
5.474524996143000317e+04
5.474529200367999874e+04
5.474529294759999902e+04
5.474529387926000345e+04
5.474529482861999713e+04
5.474529577253999742e+04
5.474529672237000341e+04
5.474529767474000255e+04
5.474529862098000012e+04
5.474529956906999723e+04
5.474530051172000094e+04
5.474530144950000249e+04
5.474530239945000358e+04
5.474616473053999653e+04
5.474616596314000344e+04
5.474616719308000029e+04
5.474616842462999921e+04
5.474616965583999990e+04
5.474617087814000115e+04
5.474617211131999647e+04
5.474617334182999912e+04
5.474617457743999694e+04
5.474617580853000254e+04
5.474617704182000307e+04
5.474617827547000343e+04
5.474629530176000117e+04
5.474629653343999962e+04
5.474629776568999660e+04
5.474629898867999873e+04
5.474630022324000311e+04
5.474630145561000245e+04
5.474630268832000002e+04
5.474630392184999801e+04
5.474630515328999900e+04
5.474630638809000084e+04
5.474630762693999714e+04
5.474630886104000092e+04
5.474908153363000019e+04
5.474908245555999747e+04
5.474908337031999690e+04
5.474908428437999828e+04
5.474908519890000025e+04
5.474908611319999909e+04
5.474908702782999899e+04
5.474908794189000037e+04
5.474908885641999950e+04
5.474908977417999995e+04
5.474909068500000285e+04
5.474909159905999695e+04
5.474909251370000129e+04
5.474909342810999806e+04
5.474909434227999736e+04
5.474909525702999963e+04
5.474909617098000308e+04
5.474909708549999777e+04
5.474909799978999945e+04
5.474909891420000349e+04
5.474916787199000100e+04
5.474916878685999836e+04
5.474916970125999796e+04
5.474917061498000112e+04
5.474917152984999848e+04
5.474917227734000335e+04
5.474917319673000020e+04
5.474917411089999950e+04
5.474917501361999894e+04
5.474917592791000061e+04
5.474917684231999738e+04
5.474917775660999905e+04
5.474917867102000309e+04
5.474917958542000270e+04
5.474918049982999946e+04
5.474918141401000321e+04
5.474918232852999790e+04
5.474918324294000195e+04
5.474918415711000125e+04
5.474918507151999802e+04
5.474928881533000094e+04
5.474928972487999999e+04
5.474929062701999646e+04
5.474929154130999814e+04
5.474929245595000248e+04
5.474929337012000178e+04
5.474929428429999825e+04
5.474929519905000052e+04
5.474929610153999965e+04
5.474929701629000192e+04
5.474929793023000093e+04
5.474929884463999770e+04
5.474929975905000174e+04
5.474930067345000134e+04
5.474930158785999811e+04
5.474930250191999949e+04
5.474930341655999655e+04
5.474930433061999793e+04
5.474930524503000197e+04
5.474930614785999933e+04
5.475018688139000005e+04
5.475018780308999703e+04
5.475018871750000108e+04
5.475018963167999755e+04
5.475019054607999715e+04
5.475019146083999658e+04
5.475019237478000287e+04
5.475019328918999963e+04
5.475019420348000131e+04
5.475019511778000015e+04
5.475019603217999975e+04
5.475019694670999888e+04
5.475019786087999819e+04
5.475019877540999732e+04
5.475019968935000361e+04
5.475020060434000334e+04
5.475020151816999714e+04
5.475020243291999941e+04
5.475020334744000138e+04
5.475020426161999785e+04
5.475027621691999957e+04
5.475027713155999663e+04
5.475027804597000068e+04
5.475027896072000294e+04
5.475027987525000208e+04
5.475028078919000109e+04
5.475028170348999993e+04
5.475028261788999953e+04
5.475028353230000357e+04
5.475028444648000004e+04
5.475028534919000231e+04
5.475028626372000144e+04
5.475028717801000312e+04
5.475028809229999752e+04
5.475028900671000156e+04
5.475028992098999879e+04
5.475029083540000283e+04
5.475029174980999960e+04
5.475029266421999637e+04
5.475029357873999834e+04
5.475035000125999795e+04
5.475035091647999798e+04
5.475035183076999965e+04
5.475035274529000162e+04
5.475035365959000046e+04
5.475035457388000214e+04
5.475035548828000174e+04
5.475035640250000142e+04
5.475035731698000018e+04
5.475035823161999724e+04
5.475035914557000069e+04
5.475036005997999746e+04
5.475036097414999676e+04
5.475036188879000110e+04
5.475036280308000278e+04
5.475036371738000162e+04
5.475036463178000122e+04
5.475036554608000006e+04
5.475036646060000203e+04
5.475036737466000341e+04
5.475306771252000181e+04
5.475306843097000092e+04
5.475306913645000168e+04
5.475306985582000198e+04
5.475307057763000194e+04
5.475307129005000024e+04
5.475307200259999809e+04
5.475307271456000308e+04
5.475307343185000354e+04
5.475307413234999694e+04
5.475307877002000168e+04
5.475307948395000130e+04
5.475308019857999898e+04
5.475308090336999885e+04
5.475308161393999762e+04
5.475308233158000075e+04
5.475308304887000122e+04
5.475308376616000169e+04
5.475308448391000275e+04
5.475308519019999949e+04
5.475316617522000161e+04
5.475316689136000059e+04
5.475316761003000283e+04
5.475316832222999801e+04
5.475316905409999890e+04
5.475316977428999962e+04
5.475317048729000089e+04
5.475317120435999823e+04
5.475317191504999937e+04
5.475317263210999954e+04
5.475317334568999649e+04
5.475317406297999696e+04
5.475317479288000322e+04
5.475317551387999993e+04
5.475317622793000191e+04
5.475317693757000234e+04
5.475317765648000204e+04
5.475317836856000213e+04
5.475317907820999972e+04
5.475317978497000149e+04
5.475324974050000310e+04
5.475325045767000120e+04
5.475325116071999946e+04
5.475325187557999743e+04
5.475325259807999828e+04
5.475325331490000099e+04
5.475325403047000145e+04
5.475325474566999765e+04
5.475325546759000281e+04
5.475325618533999659e+04
5.475325689835000230e+04
5.475325761610000336e+04
5.475325833928999782e+04
5.475325905577000231e+04
5.475325976888999867e+04
5.475326047495000239e+04
5.475326119687000028e+04
5.475326191439000104e+04
5.475326262775000214e+04
5.475326335000999825e+04
5.475405394140000135e+04
5.475405465753000317e+04
5.475405537516999902e+04
5.475405609292999725e+04
5.475405679458999657e+04
5.475405750516000262e+04
5.475405822233999788e+04
5.475405894067000190e+04
5.475405965321000258e+04
5.475406037548000313e+04
5.475406109265000123e+04
5.475406181179000123e+04
5.475406252364000102e+04
5.475406323513999814e+04
5.475406395185000292e+04
5.475406466879000072e+04
5.475406538238000212e+04
5.475406610429000284e+04
5.475406682251000166e+04
5.475406753528000263e+04
5.475415347243999713e+04
5.475415419516999827e+04
5.475415490770999895e+04
5.475415561852000246e+04
5.475415633649999654e+04
5.475415705321000132e+04
5.475415776680000272e+04
5.475415848975999688e+04
5.475415920624000137e+04
5.475415992271999858e+04
5.475416063422000298e+04
5.475416134803000023e+04
5.475416206486000010e+04
5.475416278064999642e+04
5.475416350047999731e+04
5.475416421961999731e+04
5.475416493518000061e+04
5.475416564992000349e+04
5.475416637114000332e+04
5.475416708808000112e+04
5.475428336459000275e+04
5.475428407955999864e+04
5.475428480136000144e+04
5.475428550985999755e+04
5.475428773650000221e+04
5.475428844995999680e+04
5.475428917258000001e+04
5.475428988974999811e+04
5.475429060819999722e+04
5.475429131980999955e+04
5.475429204195999773e+04
5.475429276029000175e+04
5.475429347712000163e+04
5.475429419036000036e+04
5.475429491216000315e+04
5.475429562979999901e+04
5.475429634755000006e+04
5.475429707213000074e+04
5.475429778269999952e+04
5.475429849998999998e+04
5.475517403876000026e+04
5.475517475176000153e+04
5.475517546882000170e+04
5.475517618922999827e+04
5.475517688974000339e+04
5.475517760460000136e+04
5.475517832779000310e+04
5.475517904414999794e+04
5.475517975819999992e+04
5.475518046345000039e+04
5.475518118570999650e+04
5.475518190334999963e+04
5.475518261717000132e+04
5.475518333839000115e+04
5.475518405547000293e+04
5.475518477320000238e+04
5.475518548654999904e+04
5.475518621634000010e+04
5.475518692692000332e+04
5.475518764386000112e+04
5.475526519556000130e+04
5.475526590312999906e+04
5.475526662562000274e+04
5.475526734268000291e+04
5.475526806019999640e+04
5.475526877378999779e+04
5.475526948481999716e+04
5.475527020164999703e+04
5.475527091905999987e+04
5.475527163773000211e+04
5.475527235536999797e+04
5.475527306929999759e+04
5.475527378971000144e+04
5.475527450782000233e+04
5.475527522452999983e+04
5.475527594343999954e+04
5.475527665968999645e+04
5.475527737778000301e+04
5.475527809113999683e+04
5.475527882647999650e+04
5.475533381037999789e+04
5.475533452001999831e+04
5.475533523673000309e+04
5.475533595934999903e+04
5.475533666714999708e+04
5.475533737749000284e+04
5.475533809501000360e+04
5.475533880048999708e+04
5.475533951418999641e+04
5.475534023622999666e+04
5.475534095479000098e+04
5.475534167138000339e+04
5.475534238485000242e+04
5.475534309508000297e+04
5.475534381282999675e+04
5.475534453011999722e+04
5.475534524359000352e+04
5.475534595427999739e+04
5.475534667156999785e+04
5.475534738898000069e+04
5.475814120002999698e+04
5.475814398990000336e+04
5.475814470486999926e+04
5.475814541717999964e+04
5.475814615113999753e+04
5.475814686936000362e+04
5.475814757888999884e+04
5.475814828773000045e+04
5.475814899829999922e+04
5.475814971558999969e+04
5.475815042895000079e+04
5.475815113512999960e+04
5.475815185750999808e+04
5.475815257515000121e+04
5.475815329185999872e+04
5.475815400521000265e+04
5.475815472284999851e+04
5.475815544476999639e+04
5.475815616251999745e+04
5.475815688003999821e+04
5.475815759801999957e+04
5.475820356737000111e+04
5.475820428291999997e+04
5.475820499466000183e+04
5.475820571124999697e+04
5.475820642947000306e+04
5.475820714594000310e+04
5.475820786555000086e+04
5.475820858156000031e+04
5.475820930000999942e+04
5.475821001221000188e+04
5.475821072242999799e+04
5.475821144076999917e+04
5.475821215839999786e+04
5.475821287581000070e+04
5.475821359009000298e+04
5.475821429950000311e+04
5.475821501656000328e+04
5.475821573478000209e+04
5.475821645207000256e+04
5.475821717167000315e+04
5.475827609724999638e+04
5.475827679868000268e+04
5.475827751225999964e+04
5.475827823453000019e+04
5.475827893572999892e+04
5.475827965938000125e+04
5.475828037575000053e+04
5.475828109314999892e+04
5.475828181043999939e+04
5.475828252379000332e+04
5.475828324628999690e+04
5.475828395894999994e+04
5.475828467659000307e+04
5.475828539410999656e+04
5.475828611880000244e+04
5.475828683378000278e+04
5.475828755187999923e+04
5.475828826881999703e+04
5.475828898217000096e+04
5.475828970490000211e+04
5.475913530128999992e+04
5.475913601255999674e+04
5.475913672521999979e+04
5.475913746032999916e+04
5.475913817635000305e+04
5.475913889306000056e+04
5.475913960711000254e+04
5.475914033018000191e+04
5.475914105684999959e+04
5.475914176325999870e+04
5.475914247741999861e+04
5.475914318869000272e+04
5.475914390123000339e+04
5.475914462395999726e+04
5.475914535097999760e+04
5.475914607059000264e+04
5.475914678290000302e+04
5.475914749463000044e+04
5.475914821076000226e+04
5.475914892908999900e+04
5.475920544746000087e+04
5.475920616219999647e+04
5.475920687578999787e+04
5.475920758601000125e+04
5.475920830433999799e+04
5.475920902162999846e+04
5.475920975188999728e+04
5.475921046431000286e+04
5.475921118541999749e+04
5.475921190213000227e+04
5.475921262300999661e+04
5.475921334319000016e+04
5.475921405747000244e+04
5.475921478020000359e+04
5.475921549159000278e+04
5.475921620435999648e+04
5.475921691573999851e+04
5.475921763292000105e+04
5.475921835078999720e+04
5.475921906298000249e+04
5.475927318050999747e+04
5.475927389201000187e+04
5.475927460697999777e+04
5.475927531338999688e+04
5.475927603079999972e+04
5.475927674182999908e+04
5.475927745878000133e+04
5.475927817664999748e+04
5.475927889473999676e+04
5.475927961168999900e+04
5.475928031300000293e+04
5.475928103074999672e+04
5.475928175139999803e+04
5.475928247135000129e+04
5.475928318771000340e+04
5.475928390106999723e+04
5.475928462287000002e+04
5.475928534085000138e+04
5.475928605894999782e+04
5.475928677671000332e+04
5.476014795903999766e+04
5.476014867493999918e+04
5.476014938737000193e+04
5.476015010466000240e+04
5.476015083895999851e+04
5.476015155670999957e+04
5.476015226984000037e+04
5.476015299141000287e+04
5.476015370915999665e+04
5.476015442690999771e+04
5.476015513944999839e+04
5.476015585026000190e+04
5.476015656801000296e+04
5.476015728495000076e+04
5.476015799831000186e+04
5.476015871594000055e+04
5.476015945174999797e+04
5.476016016266999941e+04
5.476016090137999709e+04
5.476016161391999776e+04
5.476021919045999675e+04
5.476021991213999718e+04
5.476022062700000242e+04
5.476022134799999913e+04
5.476022204919999785e+04
5.476022277146000124e+04
5.476022348839999904e+04
5.476022422165999888e+04
5.476022494693999761e+04
5.476022566504000133e+04
5.476022637815999769e+04
5.476022710019999795e+04
5.476022780151000188e+04
5.476022852343999693e+04
5.476022924616999808e+04
5.476022996599999897e+04
5.476023068341000180e+04
5.476023140591000265e+04
5.476023211868000362e+04
5.476023284753999906e+04
5.476027752548999706e+04
5.476027824602000328e+04
5.476027896180999960e+04
5.476027967655000248e+04
5.476028041004000261e+04
5.476028112328000134e+04
5.476028184532000159e+04
5.476028256213999703e+04
5.476028329030999885e+04
5.476028401245999703e+04
5.476028472743999737e+04
5.476028544495999813e+04
5.476028615808000177e+04
5.476028688069000054e+04
5.476028759832999640e+04
5.476028831527000148e+04
5.476028901785999915e+04
5.476028973920000135e+04
5.476029045672000211e+04
5.476029116960999818e+04
5.476115110807000019e+04
5.476115182176999951e+04
5.476115253546999884e+04
5.476115325819999998e+04
5.476115397652999673e+04
5.476115469301000121e+04
5.476115540555000189e+04
5.476115611647000333e+04
5.476115682252999977e+04
5.476115753519000282e+04
5.476115826915000071e+04
5.476115898656000354e+04
5.476115970314999868e+04
5.476116042552999716e+04
5.476116114062000270e+04
5.476116184090000024e+04
5.476116255205000198e+04
5.476116326470999775e+04
5.476116398766999919e+04
5.476116470403000130e+04
5.476122022234999895e+04
5.476122094310999819e+04
5.476122166121000191e+04
5.476122237804000179e+04
5.476122309104000306e+04
5.476122381353999663e+04
5.476122454031999951e+04
5.476122526479000226e+04
5.476122597282000061e+04
5.476122668467000040e+04
5.476122740126000281e+04
5.476122811553999782e+04
5.476122883606999676e+04
5.476122957304000010e+04
5.476123030201999791e+04
5.476123101919000328e+04
5.476123172524999973e+04
5.476123244775000057e+04
5.476123315312000341e+04
5.476123388279000210e+04
5.476127603397000348e+04
5.476127675288000319e+04
5.476127746669999760e+04
5.476127818352000031e+04
5.476127890705999744e+04
5.476127961856000184e+04
5.476128032474000065e+04
5.476128104816999985e+04
5.476128177852999943e+04
5.476128250056999968e+04
5.476128324540999893e+04
5.476128397080000286e+04
5.476128469560999656e+04
5.476128540595000231e+04
5.476128611225000350e+04
5.476128682200999901e+04
5.476128755551000359e+04
5.476128826526999910e+04
5.476128898661000130e+04
5.476128970043000299e+04
5.476213897148999968e+04
5.476213969270999951e+04
5.476214040584000031e+04
5.476214112809999642e+04
5.476214183485999820e+04
5.476214253582999663e+04
5.476214325300000201e+04
5.476214397584999824e+04
5.476214469290000125e+04
5.476214542303999770e+04
5.476214613500999985e+04
5.476214685263999854e+04
5.476214756274999672e+04
5.476214828097000282e+04
5.476214899375000095e+04
5.476214972087000206e+04
5.476215044568000303e+04
5.476215115810999851e+04
5.476215187980000337e+04
5.476215259825000248e+04
5.476221183657999791e+04
5.476221255144000315e+04
5.476221326941999723e+04
5.476221398624999711e+04
5.476221469960000104e+04
5.476221542233000218e+04
5.476221614088999922e+04
5.476221685725999851e+04
5.476221757002999948e+04
5.476221829299000092e+04
5.476221900959000050e+04
5.476221972293999715e+04
5.476222044486000232e+04
5.476222116272999847e+04
5.476222188615000050e+04
5.476222260493999784e+04
5.476222332859999733e+04
5.476222406637999666e+04
5.476222478563000186e+04
5.476222550280999712e+04
5.476228041600000142e+04
5.476228113964999648e+04
5.476228185728999961e+04
5.476228257504000067e+04
5.476228329267999652e+04
5.476228400533999957e+04
5.476228472737000266e+04
5.476228544489000342e+04
5.476228615813000215e+04
5.476228688086000329e+04
5.476228759351999906e+04
5.476228830467000080e+04
5.476228902208000363e+04
5.476228973484999733e+04
5.476229045734999818e+04
5.476229116965999856e+04
5.476229189157999645e+04
5.476229261094999674e+04
5.476229332732000330e+04
5.476229404529999738e+04
5.476313820162999764e+04
5.476313892099999794e+04
5.476313963412000157e+04
5.476314035812999646e+04
5.476314107379999768e+04
5.476314178841999819e+04
5.476314250455000001e+04
5.476314322623999760e+04
5.476314394583999820e+04
5.476314465722999739e+04
5.476314536341000348e+04
5.476314607016000082e+04
5.476314677598999697e+04
5.476314749722000124e+04
5.476314821577999828e+04
5.476314893306999875e+04
5.476314965105000010e+04
5.476315036336000048e+04
5.476315108540000074e+04
5.476315180269000120e+04
5.476319410133999918e+04
5.476319481942999846e+04
5.476319553684000130e+04
5.476319624892000138e+04
5.476319696539999859e+04
5.476319768199000100e+04
5.476319840205999935e+04
5.476319911760999821e+04
5.476319984636000299e+04
5.476320056006000232e+04
5.476320128221000050e+04
5.476320200042999932e+04
5.476320271284999762e+04
5.476320343557999877e+04
5.476320415276000131e+04
5.476320486564999737e+04
5.476320558999999776e+04
5.476320629513000313e+04
5.476320701207000093e+04
5.476320772913000110e+04
5.476325940103000175e+04
5.476326012017000176e+04
5.476326084347999858e+04
5.476326156030999846e+04
5.476326228686000104e+04
5.476326299453999673e+04
5.476326370951999706e+04
5.476326443155000015e+04
5.476326513205999800e+04
5.476326585398000316e+04
5.476326657172999694e+04
5.476326728462000028e+04
5.476326799056999880e+04
5.476326871340999787e+04
5.476326943035000295e+04
5.476327014903000236e+04
5.476327086563000194e+04
5.476327158395999868e+04
5.476327229626999906e+04
5.476327301773000363e+04
5.476511529829999927e+04
5.476511601512000198e+04
5.476511673136999889e+04
5.476511745363999944e+04
5.476511817162000079e+04
5.476511888439000177e+04
5.476511961927999801e+04
5.476512033551999775e+04
5.476512104179000016e+04
5.476512174314000004e+04
5.476512245475999953e+04
5.476512316694999754e+04
5.476512389118999999e+04
5.476512460719999945e+04
5.476512532367999665e+04
5.476512603715000296e+04
5.476512675917999877e+04
5.476512747659000161e+04
5.476512818993999826e+04
5.476512890039999911e+04
5.476520684829999664e+04
5.476520757056999719e+04
5.476520828774000256e+04
5.476520900363999681e+04
5.476520971756999643e+04
5.476617651156999636e+04
5.476617721786000038e+04
5.476617792878999899e+04
5.476617865591000009e+04
5.476617937586000335e+04
5.476618008794000343e+04
5.476618079839999700e+04
5.476618151673999819e+04
5.476618223459999717e+04
5.476618295118999959e+04
5.476618366442999832e+04
5.476618437200000335e+04
5.476618509230000200e+04
5.476618580564999866e+04
5.476618652837999980e+04
5.476618724636000115e+04
5.476618796121999912e+04
5.476618867607999709e+04
5.476618939348000276e+04
5.476619010579000314e+04
5.476625009069000225e+04
5.476625080983000225e+04
5.476625152340999921e+04
5.476625223515000107e+04
5.476625295301999722e+04
5.476625366879999638e+04
5.476625438215000031e+04
5.476625510824000230e+04
5.476625581013000192e+04
5.476625652116999845e+04
5.476625724089000141e+04
5.476625794753000082e+04
5.476625867291999748e+04
5.476625938801000302e+04
5.476626010043999850e+04
5.476626080650000222e+04
5.476626152888000070e+04
5.476626224512999761e+04
5.476626296264999837e+04
5.476626367588999710e+04
5.476712737491000007e+04
5.476712808583000151e+04
5.476712882928000181e+04
5.476712954911999987e+04
5.476713025575000211e+04
5.476713097779000236e+04
5.476713168535000295e+04
5.476713239141999657e+04
5.476713310245000321e+04
5.476713382668999839e+04
5.476713454918999923e+04
5.476713526612999704e+04
5.476713598156000080e+04
5.476713668542999949e+04
5.476713739761999750e+04
5.476713811328999873e+04
5.476713882849000220e+04
5.476713954427999852e+04
5.476714025555999979e+04
5.476714096774999780e+04
5.476722207093000179e+04
5.476722279089000222e+04
5.476722350736999942e+04
5.476722422442000243e+04
5.476722495155000070e+04
5.476722566676000133e+04
5.476722638983000070e+04
5.476722710203000315e+04
5.476722781340999791e+04
5.476722852573000273e+04
5.476722924741000315e+04
5.476722996088000218e+04
5.476723067181000079e+04
5.476723138422999909e+04
5.476723209630999918e+04
5.476723282933999872e+04
5.476723354280999774e+04
5.476723425916999986e+04
5.476723497229000350e+04
5.476723569421000138e+04
5.476728855610999744e+04
5.476728926633000083e+04
5.476728998814000079e+04
5.476729070669999783e+04
5.476729143417000159e+04
5.476729214833999868e+04
5.476729286192000291e+04
5.476729357665999851e+04
5.476729429314000299e+04
5.476729500707000261e+04
5.476729572470999847e+04
5.476729644628000096e+04
5.476729715974999999e+04
5.476729787622999720e+04
5.476729858981000143e+04
5.476729930120000063e+04
5.476730001292999805e+04
5.476730071748999762e+04
5.476730143628000224e+04
5.476730214836000232e+04
5.477409104828000272e+04
5.477409175549999782e+04
5.477409247810999659e+04
5.477409319413000048e+04
5.477409390759999951e+04
5.477409461654999905e+04
5.477409533604000171e+04
5.477409604222000053e+04
5.477409675951000099e+04
5.477409747726000205e+04
5.477409819743999833e+04
5.477409891298999719e+04
5.477409963016999973e+04
5.477410034722000273e+04
5.477410106033999909e+04
5.477410178225999698e+04
5.477410250347999681e+04
5.477410321822999686e+04
5.477410393504999956e+04
5.477410465269000269e+04
5.477417237056999875e+04
5.477417307651999727e+04
5.477417381267000019e+04
5.477417452151000180e+04
5.477417523336000158e+04
5.477417594926000311e+04
5.477417666214999917e+04
5.477417738500000269e+04
5.477417810202999681e+04
5.477417881956999918e+04
5.477417953246000252e+04
5.477418025669999770e+04
5.477418097213000146e+04
5.477418169014000159e+04
5.477418240278000303e+04
5.477418310965000273e+04
5.477418383116000041e+04
5.477418454873999872e+04
5.477418526209000265e+04
5.477418598586000007e+04
5.477427470814000117e+04
5.477427542276999884e+04
5.477427612906000286e+04
5.477427684425999905e+04
5.477427755900999909e+04
5.477427827190000244e+04
5.477427898732999893e+04
5.477427970497999922e+04
5.477428042226999969e+04
5.477428113527000096e+04
5.477428184827999939e+04
5.477428255966000143e+04
5.477428328412999690e+04
5.477428400025999872e+04
5.477428471616000024e+04
5.477428542927999661e+04
5.477428614112999639e+04
5.477428685715000029e+04
5.477428757490000135e+04
5.477428828200000135e+04
5.477509937904000253e+04
5.477510009551999974e+04
5.477510081211999932e+04
5.477510152570000355e+04
5.477510223732000304e+04
5.477510295380000025e+04
5.477510367142999894e+04
5.477510438918999716e+04
5.477510510636000254e+04
5.477510582468999928e+04
5.477510654208999767e+04
5.477510725487000309e+04
5.477510797794000246e+04
5.477510869441999967e+04
5.477510939607999899e+04
5.477511011870000220e+04
5.477511083599000267e+04
5.477511154887999874e+04
5.477511227079999662e+04
5.477511298404000263e+04
5.477517958542000270e+04
5.477518030328999885e+04
5.477518102208000346e+04
5.477518173879000096e+04
5.477518245202999969e+04
5.477518317406000278e+04
5.477518389146999834e+04
5.477518460944999970e+04
5.477518532199000038e+04
5.477518603373000224e+04
5.477518675043000258e+04
5.477518746737999754e+04
5.477518816915000207e+04
5.477518888018999860e+04
5.477518959712999640e+04
5.477519031350000296e+04
5.477519101632000093e+04
5.477519173882000177e+04
5.477519245285999932e+04
5.477519317536000017e+04
5.477525198899999668e+04
5.477525270825999905e+04
5.477525342855999770e+04
5.477525414561999787e+04
5.477525485908999690e+04
5.477525558158000058e+04
5.477525629412999842e+04
5.477525702183000249e+04
5.477525773379999737e+04
5.477525844912000321e+04
5.477525916906999919e+04
5.477525988682000025e+04
5.477526060400000279e+04
5.477526131028999953e+04
5.477526202745999763e+04
5.477526274556000135e+04
5.477526346331000241e+04
5.477526418407000165e+04
5.477526489823999873e+04
5.477526561124000000e+04
5.477600616135000018e+04
5.477600686729999870e+04
5.477600758366000082e+04
5.477600829053999769e+04
5.477600900816999638e+04
5.477600972454000294e+04
5.477601044286999968e+04
5.477601116039000044e+04
5.477601187871999718e+04
5.477601259507999930e+04
5.477601331329000095e+04
5.477601403161999770e+04
5.477601474787000188e+04
5.477601546642999892e+04
5.477601617827999871e+04
5.477601689071000146e+04
5.477601760718999867e+04
5.477601832435999677e+04
5.477601904199999990e+04
5.477601975466000295e+04
5.477609687056999974e+04
5.477609758380000130e+04
5.477609830143999716e+04
5.477609900807999657e+04
5.477609972433000075e+04
5.477610044914000173e+04
5.477610117116999754e+04
5.477610188452999864e+04
5.477610260192999704e+04
5.477610331412999949e+04
5.477610403059999953e+04
5.477610474801000237e+04
5.477610546621999674e+04
5.477610617854000157e+04
5.477610690150000300e+04
5.477610761821000051e+04
5.477610833629999979e+04
5.477610905359000026e+04
5.477610977123000339e+04
5.477611048399999709e+04
5.477618586427000264e+04
5.477618658352999773e+04
5.477618729467999947e+04
5.477618801186000201e+04
5.477618873029999668e+04
5.477618944239000120e+04
5.477619016418999672e+04
5.477619088252000074e+04
5.477619160073999956e+04
5.477619231697999930e+04
5.477619301853000070e+04
5.477619372968999960e+04
5.477619443598000362e+04
5.477619515025999863e+04
5.477619587101999787e+04
5.477619657662000100e+04
5.477619729425999685e+04
5.477619801200999791e+04
5.477619872941000358e+04
5.477619944242000201e+04
5.477701381984999898e+04
5.477701453921999928e+04
5.477701525257000321e+04
5.477701597518999915e+04
5.477701669352000317e+04
5.477701740537000296e+04
5.477701811582999653e+04
5.477701882871999987e+04
5.477701954010000190e+04
5.477702025716000207e+04
5.477702097004999814e+04
5.477702167680000275e+04
5.477702238216999831e+04
5.477702310512999975e+04
5.477702382218999992e+04
5.477702453935999802e+04
5.477702525259999675e+04
5.477702597509999759e+04
5.477702669192000030e+04
5.477702740723999887e+04
5.477710487827000179e+04
5.477710559392999858e+04
5.477710631006999756e+04
5.477710702840000158e+04
5.477710774094000226e+04
5.477710846378000133e+04
5.477710917609999888e+04
5.477710988712999824e+04
5.477711060408000048e+04
5.477711132299000019e+04
5.477711203981000290e+04
5.477711275259000104e+04
5.477711347484999715e+04
5.477711419284000294e+04
5.477711490538000362e+04
5.477711561652999808e+04
5.477711632896000083e+04
5.477711705076000362e+04
5.477711776423000265e+04
5.477711848627000290e+04
5.477719203471999936e+04
5.477719275698999991e+04
5.477719347509000363e+04
5.477719419272999949e+04
5.477719490550000046e+04
5.477719562289999885e+04
5.477719634182000300e+04
5.477719706281000254e+04
5.477719778078999661e+04
5.477719849750000139e+04
5.477719921559999784e+04
5.477719992189000186e+04
5.477720063431999733e+04
5.477720135658999789e+04
5.477720207421999658e+04
5.477720279221000237e+04
5.477720350961000076e+04
5.477720421498000360e+04
5.477720492868000292e+04
5.477720564308000030e+04
5.477801740710000013e+04
5.477801812287999928e+04
5.477801883542999713e+04
5.477801955804000318e+04
5.477802027544000157e+04
5.477802099284999713e+04
5.477802171523000288e+04
5.477802242916000250e+04
5.477802314563999971e+04
5.477802385898999637e+04
5.477802457061000314e+04
5.477802528673999768e+04
5.477802599997999641e+04
5.477802671055000246e+04
5.477802742343999853e+04
5.477802813482999773e+04
5.477802884471000289e+04
5.477802956465999887e+04
5.477803028692999942e+04
5.477803100108999934e+04
5.477809001266999985e+04
5.477809072220000235e+04
5.477809143300999858e+04
5.477809215306999977e+04
5.477809286805000011e+04
5.477809358580999833e+04
5.477809429845999693e+04
5.477809500927000045e+04
5.477809572204999859e+04
5.477809644396999647e+04
5.477809715732000041e+04
5.477809788352000032e+04
5.477809859849000350e+04
5.477809930988000269e+04
5.477810003190999851e+04
5.477810074526999961e+04
5.477810146718999749e+04
5.477810218041999906e+04
5.477810289077000198e+04
5.477810360401000071e+04
5.477817417530999955e+04
5.477817488217999926e+04
5.477817558904999896e+04
5.477817629524000222e+04
5.477817701125000167e+04
5.477817772436999803e+04
5.477817844663999858e+04
5.477817916461999994e+04
5.477817988155999774e+04
5.477818059943000117e+04
5.477818131659999926e+04
5.477818203006999829e+04
5.477818275187999825e+04
5.477818345851999766e+04
5.477818417118000070e+04
5.477818489332999889e+04
5.477818561118999787e+04
5.477818632883000100e+04
5.477818704148999677e+04
5.477818775253000058e+04
5.477901406067999778e+04
5.477901477680999960e+04
5.477901549052000337e+04
5.477901621254999918e+04
5.477901693030999741e+04
5.477901764805000130e+04
5.477901837251999677e+04
5.477901908356000058e+04
5.477901980038000329e+04
5.477902051570000185e+04
5.477902123125000071e+04
5.477902195364000363e+04
5.477902266663999762e+04
5.477902338844999758e+04
5.477902410329999839e+04
5.477902480762999767e+04
5.477902551890000177e+04
5.477902623596000194e+04
5.477902694896000321e+04
5.477902767111000139e+04
5.477909606137999799e+04
5.477909677982999710e+04
5.477909749793000083e+04
5.477909821057999943e+04
5.477909893284999998e+04
5.477909965163999732e+04
5.477910036846999719e+04
5.477910108505999960e+04
5.477910179852999863e+04
5.477910252044999652e+04
5.477910323831999995e+04
5.477910395617999893e+04
5.477910467323999910e+04
5.477910537479000050e+04
5.477910608084999694e+04
5.477910680403999868e+04
5.477910750964000181e+04
5.477910822647000168e+04
5.477910893229000067e+04
5.477910964565000177e+04
