-1.652587813547649986e+01
-1.652701250302559899e+01
-1.652685178147410028e+01
-1.652780650746230151e+01
-1.652682208455179946e+01
-1.652865988713849887e+01
-1.652836827451830004e+01
-1.652780387290610165e+01
-1.652593181574859926e+01
-1.652708187063799983e+01
-1.652628909147329850e+01
-1.653267531087740139e+01
-1.653106207682450091e+01
-1.653116191845230176e+01
-1.653172755794129856e+01
-1.653098603070059980e+01
-1.653270394506780150e+01
-1.653163116293429979e+01
-1.653106329052129908e+01
-1.653153400838100140e+01
-1.653135145172059950e+01
-1.653172380385230156e+01
-1.653067774343649887e+01
-1.652955504591060176e+01
-1.653088326907549899e+01
-1.653160573301050107e+01
-1.653167993153140003e+01
-1.652802565083770148e+01
-1.652935879875759895e+01
-1.652912396953890095e+01
-1.652802726729409954e+01
-1.653054585475609883e+01
-1.653009774788450059e+01
-1.652849408105889850e+01
-1.653001274810799970e+01
-1.653014719026790047e+01
-1.652888876738759905e+01
-1.652956115508250079e+01
-1.652952438991459871e+01
-1.652859743148420080e+01
-1.653093645360129926e+01
-1.652909429513569961e+01
-1.652837587689590038e+01
-1.653093719094189851e+01
-1.652874386783510019e+01
-1.653020895862999851e+01
-1.653080078325960045e+01
-1.652390697605450143e+01
-1.653032750886029945e+01
-1.652944685848200024e+01
-1.653032676169970117e+01
-1.652951370001839848e+01
-1.653041943142699921e+01
-1.652969599540379875e+01
-1.652949442821250159e+01
-1.652969284069279965e+01
-1.652966752360880065e+01
-1.653011592706279842e+01
-1.653037782097850084e+01
-1.653194699910649845e+01
-1.653205708326940027e+01
-1.653122779176300128e+01
-1.653292951701309832e+01
-1.653297325383390159e+01
-1.652933210725399960e+01
-1.653116665209559955e+01
-1.653052410478730039e+01
-1.653043268934069943e+01
-1.652848124057020129e+01
-1.653146160587489888e+01
-1.653105742086379948e+01
-1.653092259741220005e+01
-1.653294035732459832e+01
-1.653038018865819936e+01
-1.653179543195420109e+01
-1.653055145876789922e+01
-1.653413887177860175e+01
-1.653050314897189921e+01
-1.653367072876519828e+01
-1.653049142723810050e+01
-1.653261374081990098e+01
-1.653089169872770015e+01
-1.653076077640410091e+01
-1.653041309136120063e+01
-1.653100859183459903e+01
-1.653157742562209975e+01
-1.653229139723289975e+01
-1.652975257681060128e+01
-1.653121917054410162e+01
-1.652963054723520031e+01
-1.653067603800599983e+01
-1.653071794802309924e+01
-1.653277168003300091e+01
-1.653179176394619887e+01
-1.653155239952710076e+01
-1.652951224620009896e+01
-1.653056756330439825e+01
-1.652955197901230022e+01
-1.653129691280609848e+01
-1.653210764453420012e+01
-1.652942498694050144e+01
-1.653173404038840033e+01
-1.653064944428350103e+01
-1.653078070786730080e+01
-1.653042819338559966e+01
-1.652995481369280029e+01
-1.653034675542630083e+01
-1.652991419277419993e+01
-1.653072594049839950e+01
-1.653006743898639996e+01
-1.652984080146550028e+01
-1.653098752195250043e+01
-1.653097569714979898e+01
-1.652980745109080019e+01
-1.653290111747750046e+01
-1.653234599828060070e+01
-1.653057603894239946e+01
-1.653121507560269876e+01
-1.653238250594660030e+01
-1.653261418898440027e+01
-1.653164649593789903e+01
-1.653277405939439859e+01
-1.653112681681290042e+01
-1.653318714597750017e+01
-1.653164358402170109e+01
-1.653198495783989941e+01
-1.653138675210400166e+01
-1.653089342613910162e+01
-1.653257236520660101e+01
-1.653095034515099826e+01
-1.653227912706299918e+01
-1.653275013477750122e+01
-1.653198251384790041e+01
-1.652964995049489971e+01
-1.653010341827640062e+01
-1.652933257595099903e+01
-1.653040067525709844e+01
-1.653024260319880057e+01
-1.653241514450580141e+01
-1.653147559172009906e+01
-1.653073326174200020e+01
-1.653099814504620113e+01
-1.653066966242669977e+01
-1.653153903984480166e+01
-1.652981100466239894e+01
-1.653310405511150094e+01
-1.653028178684980176e+01
-1.653036987507660172e+01
-1.653243084285519870e+01
-1.652981082891909992e+01
-1.653127947852179958e+01
-1.653008428653020090e+01
-1.653126936992870100e+01
-1.652977694749840154e+01
-1.652931968188239864e+01
-1.652893703332710018e+01
-1.653049026670629829e+01
-1.652968448177439953e+01
-1.652926425117420095e+01
-1.653204375864050135e+01
-1.652876588807389879e+01
-1.653004701137300003e+01
-1.652977828469250099e+01
-1.653025291023880072e+01
-1.652964811653210120e+01
-1.652835544579879823e+01
-1.652941842404720063e+01
-1.652995444914689926e+01
-1.652960009373880013e+01
-1.652782057209470068e+01
-1.652919343992239831e+01
-1.652942676689880130e+01
-1.652918067952600012e+01
-1.652765647346990008e+01
-1.652966325796190006e+01
-1.652855005233379870e+01
-1.653020873573940008e+01
-1.652950408222190148e+01
-1.652726736172369826e+01
-1.653152966690349857e+01
-1.652986433931570076e+01
-1.653033201393609986e+01
-1.652957524692439861e+01
-1.652912967639959874e+01
-1.652872244599370077e+01
-1.652787269121400016e+01
-1.652781063856329880e+01
-1.652998766903510131e+01
-1.652986500963680072e+01
-1.652857284781979885e+01
-1.653000005251280058e+01
-1.653071535236709977e+01
-1.652856034452560152e+01
-1.652863245460120112e+01
-1.652969013311280122e+01
-1.652757658411010055e+01
-1.653045618852570087e+01
-1.652862723703950110e+01
-1.652959126243289845e+01
-1.652720679333490139e+01
-1.653067236048250166e+01
-1.653122589047649882e+01
-1.652783365556469874e+01
-1.653002504826709895e+01
-1.652973885548080091e+01
-1.652948789617219916e+01
-1.652806579943009879e+01
-1.653300979783719882e+01
-1.652895998991050064e+01
-1.653049401777959915e+01
-1.652900879272910117e+01
-1.653005549421979836e+01
-1.652963773688030003e+01
-1.652911400273470122e+01
-1.653037898351700008e+01
-1.652801433528360064e+01
-1.652945723745590101e+01
-1.653040719644580037e+01
-1.652908784733019942e+01
-1.653054980011440023e+01
-1.653013064849540115e+01
-1.652940755679179929e+01
-1.653102395872799946e+01
-1.653238469192800153e+01
-1.652737014179169961e+01
-1.653095349696960170e+01
-1.652679936380640058e+01
-1.652879227758050007e+01
-1.653182479865600030e+01
-1.652760905163820127e+01
-1.653307419633609854e+01
-1.652812175817389928e+01
-1.652919486561490103e+01
-1.653261694066020127e+01
-1.653146054217300076e+01
-1.652825801851430043e+01
-1.652959004153590072e+01
-1.653424182988939961e+01
-1.652973657299139987e+01
-1.653014799105169885e+01
-1.653408395526290064e+01
-1.653045583107950023e+01
-1.652683182925810002e+01
-1.653133172656960070e+01
-1.653744700394310030e+01
-1.652853338801619998e+01
-1.653338606712669900e+01
-1.653039170518789902e+01
-1.652877206708090085e+01
-1.653067405563309933e+01
-1.653060550109330151e+01
-1.653097671868119889e+01
-1.653425170646449871e+01
-1.653273740435410133e+01
-1.653256632700919937e+01
-1.653256982677820019e+01
-1.653069234548900113e+01
-1.653190326629880147e+01
-1.652901411294899958e+01
-1.652979016376979970e+01
-1.653177087816600022e+01
-1.652827340794040012e+01
-1.653077475353289927e+01
-1.653121442408319908e+01
-1.653141724182880168e+01
-1.653073225930220147e+01
-1.653311342034529829e+01
-1.653021628554089872e+01
-1.653264161447129865e+01
-1.653250655248560008e+01
-1.653024797282780156e+01
-1.652909230615659908e+01
-1.653016255664750034e+01
-1.652776004749350136e+01
-1.653039148686839965e+01
-1.653025453549389923e+01
-1.652983152855449944e+01
-1.652728451354910177e+01
-1.653417336669119919e+01
-1.652919806529429891e+01
-1.652892843328270089e+01
-1.652977541038820064e+01
-1.653183394212459945e+01
-1.652874177142779999e+01
-1.653087609058869845e+01
-1.652958120210699988e+01
-1.653071312223379863e+01
-1.652939694217529976e+01
-1.652974404102250006e+01
-1.653213230862689898e+01
-1.653144493807780080e+01
-1.653094573699529946e+01
-1.653056414372570160e+01
-1.652978457243829880e+01
-1.653100790212529958e+01
-1.652893437230569873e+01
-1.652950566409580091e+01
-1.652899998285100125e+01
-1.653135202755879973e+01
-1.653159168271709945e+01
-1.653033818129370047e+01
-1.652803739560379981e+01
-1.653029526846480124e+01
-1.653038294469190106e+01
-1.653167752844749927e+01
-1.653082534736289944e+01
-1.652816157824609888e+01
-1.653303999412489844e+01
-1.652966818812420158e+01
-1.653003898352740109e+01
-1.653217569548829857e+01
-1.652864959454459992e+01
-1.652812474880660076e+01
-1.652962306542929838e+01
-1.652963335853780080e+01
-1.652990234085499921e+01
-1.652952014310899997e+01
-1.652929775059009998e+01
-1.652920748604029910e+01
-1.652831789707170174e+01
-1.652979522464309881e+01
-1.652881791299479985e+01
-1.652804405710509883e+01
-1.653029323562919828e+01
-1.652848419768859856e+01
-1.653182141295840069e+01
-1.652899272179460155e+01
-1.652836464106709968e+01
-1.652868876440119905e+01
-1.652983605070690132e+01
-1.652916227035829877e+01
-1.652715720642419939e+01
-1.652829013763729904e+01
-1.652899293551280024e+01
-1.652808828120129903e+01
-1.652810552380740106e+01
-1.652861314403670079e+01
-1.652752818901999987e+01
-1.652698771160699920e+01
-1.652782732711930080e+01
-1.652816947210660103e+01
-1.652752408687609886e+01
-1.652923824607060155e+01
-1.652988510349760176e+01
-1.653019616712580131e+01
-1.652843328547810131e+01
-1.653152084147729894e+01
-1.652978523847939840e+01
-1.653178404550940073e+01
-1.652924958287979962e+01
-1.652895212746649989e+01
-1.652812971205479897e+01
-1.652910502860650155e+01
-1.652913294056680016e+01
-1.652870807532499953e+01
-1.653012981251379898e+01
-1.652972971002679969e+01
-1.653073040148269968e+01
-1.653370868586729969e+01
-1.652676157291589831e+01
-1.653093781141240015e+01
-1.652916578549280047e+01
-1.653637189532100038e+01
-1.653272148894789950e+01
-1.653324572720140040e+01
-1.653019309293570061e+01
-1.653170875064499867e+01
-1.652997874054809913e+01
-1.652927798338230048e+01
-1.653078065914110084e+01
-1.652792025105069840e+01
-1.652829924864450106e+01
-1.652791728480019984e+01
-1.652995010169280121e+01
-1.652997889654480090e+01
-1.652764251644619975e+01
-1.653063869695580124e+01
-1.652834622658170005e+01
-1.652881455543969835e+01
-1.652960864356959902e+01
-1.652970458756430006e+01
-1.652965362707709929e+01
-1.652997821546070156e+01
-1.653112821481600037e+01
-1.652877601124379936e+01
-1.653148784084520173e+01
-1.652985133916439864e+01
-1.652904771925780025e+01
-1.652949854819570064e+01
-1.652891241918189991e+01
-1.653100723850360154e+01
-1.653049283821869864e+01
-1.653104108453999999e+01
-1.652946266012580168e+01
-1.652773447843090082e+01
-1.652998243613680174e+01
-1.653049662909920059e+01
-1.652779519246400142e+01
-1.652933489081080154e+01
-1.653061418866380095e+01
-1.652721923613239952e+01
-1.652819100662630092e+01
-1.652679138191070152e+01
-1.652806548656970165e+01
-1.652999235886759877e+01
-1.652922450878379834e+01
-1.652803990172050064e+01
-1.653100874894530037e+01
-1.652862539564630140e+01
-1.652887684362260146e+01
-1.653070207907909861e+01
-1.652834554005979939e+01
-1.653080979131599904e+01
-1.653130769826319835e+01
-1.653140467065249908e+01
-1.653171479796920096e+01
-1.653078381755739912e+01
-1.653148414938799959e+01
-1.652989682774619951e+01
-1.652780937248829929e+01
-1.652692019071490037e+01
-1.652847289296359889e+01
-1.652670345182150058e+01
-1.652642213221509948e+01
-1.652692630787629824e+01
-1.652653261554850062e+01
-1.652637281581489859e+01
-1.653007436744839964e+01
-1.653058149041219949e+01
-1.653098620136179875e+01
-1.652635234004630149e+01
-1.652700148132860036e+01
-1.652579209080250067e+01
-1.652933160584009897e+01
-1.652807207307670012e+01
-1.653046236985100137e+01
-1.652953939576289955e+01
-1.652977865232989885e+01
-1.652696461734310063e+01
-1.652751313807830158e+01
-1.652616289536119965e+01
-1.652728849165159986e+01
-1.652884747958599831e+01
-1.652825422356280072e+01
-1.652699931829850044e+01
-1.652617785682929963e+01
-1.652777192112359828e+01
-1.652691980941689920e+01
-1.652561840208120003e+01
-1.652667109734570161e+01
-1.652599493090249894e+01
-1.652639965260220123e+01
-1.652637893555570159e+01
-1.652775018836469911e+01
-1.652689715217179867e+01
-1.652622136272039910e+01
-1.652687494141289903e+01
-1.652853865301390002e+01
-1.653048841911720146e+01
-1.652938915814739929e+01
-1.652872290952469925e+01
-1.652974549087290157e+01
-1.653006989916159952e+01
-1.652878988969370155e+01
-1.652945572225459969e+01
-1.653066420747800080e+01
-1.652975118411509925e+01
-1.652868256514069856e+01
-1.652976281241830137e+01
-1.653130956392530138e+01
-1.653073314684079875e+01
-1.652838452682370018e+01
-1.653010291180819991e+01
-1.653276318952270074e+01
-1.653155793362590131e+01
-1.653133965355300106e+01
-1.653079451905700026e+01
-1.652969830933659878e+01
-1.652674586302720172e+01
-1.652734188491799827e+01
-1.652602490037410021e+01
-1.652684811913519880e+01
-1.652806871496839847e+01
-1.652737010798309925e+01
-1.652812674578009933e+01
-1.652764972072510119e+01
-1.652825632324680072e+01
-1.652766299042059828e+01
-1.652817606497810132e+01
-1.652798076165230157e+01
-1.652836393115600089e+01
-1.652852808941930007e+01
-1.652859720418640066e+01
-1.652905320673859890e+01
-1.652910398770089984e+01
-1.652834102206589861e+01
-1.652900748635579831e+01
-1.652872182958520142e+01
-1.652812539763700173e+01
-1.652826439227969857e+01
-1.652751485500320072e+01
-1.652777603148890151e+01
-1.652727276056739925e+01
-1.652640023964099925e+01
-1.652836385737370151e+01
-1.652660301785740060e+01
-1.652777715369749956e+01
-1.652771877328909866e+01
-1.652843609441159956e+01
-1.652772595632099950e+01
-1.652683524225070144e+01
-1.652848060975020061e+01
-1.652607751127920110e+01
-1.652516012887630126e+01
-1.652529762929630053e+01
-1.652553692729560098e+01
-1.652595160394859874e+01
-1.652588874288269949e+01
-1.652776455101420083e+01
-1.652831999671429841e+01
-1.652811863812450000e+01
-1.652795731325799977e+01
-1.652692568817580110e+01
-1.652541618533710022e+01
-1.652583013743659990e+01
-1.652272069197919890e+01
-1.652148180785680154e+01
-1.652510858405040040e+01
-1.652788498794189920e+01
-1.652758480949420061e+01
-1.652740890082520053e+01
-1.652921553893279949e+01
-1.652698936159929843e+01
-1.652699186935450015e+01
-1.652600710889479885e+01
-1.652719005419680087e+01
-1.652704476251789956e+01
-1.652730366928049932e+01
-1.652823611653580116e+01
-1.652881105729749933e+01
-1.652787458943150156e+01
-1.652732148532719947e+01
-1.652853684797209866e+01
-1.652918135769370167e+01
-1.652892267107370117e+01
-1.653027914544449928e+01
-1.652922449822530027e+01
-1.652672257297820124e+01
-1.652732957190779928e+01
-1.652859748787300020e+01
-1.652832847835239960e+01
-1.652703106536170097e+01
-1.652950509298170090e+01
-1.652944137283479975e+01
-1.652898595915149826e+01
-1.652920082975199989e+01
-1.652873236886820152e+01
-1.652892297851819947e+01
-1.652971553603009980e+01
-1.652923407790860111e+01
-1.652964251532110040e+01
-1.652949807982960095e+01
-1.652895690469449974e+01
-1.652821824758699876e+01
-1.652783801916829987e+01
-1.652739103201939841e+01
-1.653044302327020176e+01
-1.652808675355679924e+01
-1.652847800369400133e+01
-1.652763576309769888e+01
-1.652851551827620113e+01
-1.652668339867960157e+01
-1.652754413139589929e+01
-1.652806075430270027e+01
-1.652854114423900000e+01
-1.652763833857569864e+01
-1.652656088383340105e+01
-1.652856672459930110e+01
-1.652838076791629973e+01
-1.652575628023020116e+01
-1.652568549144319832e+01
-1.652669591480649913e+01
-1.653240315684089978e+01
-1.652962404912609884e+01
-1.653312839758229913e+01
-1.653268097076709964e+01
-1.653001869110060085e+01
-1.653164309271280175e+01
-1.653027779988530099e+01
-1.652870143754860166e+01
-1.652944260632940043e+01
-1.653071668845520037e+01
-1.652980798466710155e+01
-1.653027048335010107e+01
-1.652742141010349997e+01
-1.652938328141809876e+01
-1.653000802539289893e+01
-1.653036025745370097e+01
-1.652932581046270144e+01
-1.652998752034239871e+01
-1.652733390440069883e+01
-1.652763677234580086e+01
-1.652891942510009926e+01
-1.652950984456250083e+01
-1.652948168628839909e+01
-1.652767688569129945e+01
-1.653060011432580012e+01
-1.653153424147329886e+01
-1.652877799697549932e+01
-1.653045170409620113e+01
-1.653150652391369846e+01
-1.652988628195710064e+01
-1.653048924097999972e+01
-1.652925214536530163e+01
-1.652912216422589964e+01
-1.653016796087160145e+01
-1.653044443362420068e+01
-1.652817412712390066e+01
-1.652919880987279910e+01
-1.652828708304890171e+01
-1.652824302404599877e+01
-1.652842789305120164e+01
-1.652900574601610018e+01
-1.652982081748319843e+01
-1.652896892464179857e+01
-1.652884164885270124e+01
-1.652897453393180172e+01
-1.652893491551959926e+01
-1.652995317416250032e+01
-1.652925699778640123e+01
-1.653192293103769828e+01
-1.652927912103830010e+01
-1.652864872813900021e+01
-1.652933094243309853e+01
-1.652984947943220106e+01
-1.652875694933090145e+01
-1.652856153048940158e+01
-1.652963613614669924e+01
-1.652834343985039922e+01
-1.652738792072679885e+01
-1.652746939799670045e+01
-1.652549100554359995e+01
-1.652741457152789906e+01
-1.652807376138530060e+01
-1.652602588657590132e+01
-1.653934301274119889e+01
-1.653553185705260020e+01
-1.652649905651519902e+01
-1.652829725579760023e+01
-1.652814671649279887e+01
-1.652919668909079931e+01
-1.652891355621730085e+01
-1.652886798059600082e+01
-1.652846181301559980e+01
-1.652857401537049853e+01
-1.652829330362660087e+01
-1.653046406188110140e+01
-1.652939881315230153e+01
-1.652738885077449993e+01
-1.652897189757560170e+01
-1.652911229668410087e+01
-1.652893303242809964e+01
-1.652920315680379915e+01
-1.652785846505370060e+01
-1.653019042651499859e+01
-1.652962321033029980e+01
-1.652928118437609939e+01
-1.652950784442019838e+01
-1.652955446547739982e+01
-1.652863983528310143e+01
-1.653017369117370095e+01
-1.653016829969590162e+01
-1.653014862278979891e+01
-1.652962113264889865e+01
-1.652931777296910099e+01
-1.652934207498190133e+01
-1.652975624783280040e+01
-1.653027656703680037e+01
-1.652933060894190120e+01
-1.652961175105179947e+01
-1.652993808591559954e+01
-1.652941596435639937e+01
-1.653029813678629978e+01
-1.652893409101270095e+01
-1.652944816114660043e+01
-1.652893024699200097e+01
-1.652852417410510100e+01
-1.652920851091469956e+01
-1.652901851540890021e+01
-1.652966036742920153e+01
-1.652860794933090105e+01
-1.652839172979910032e+01
-1.652981802136460132e+01
-1.652934181914899980e+01
-1.652942654074080053e+01
-1.652812489053980016e+01
-1.652978362230690124e+01
-1.653038886424419829e+01
-1.652744279898260160e+01
-1.652885665296739859e+01
-1.652938853527420093e+01
-1.653025960805259942e+01
-1.652856940319039936e+01
-1.652912112142560019e+01
-1.652889244524940082e+01
-1.652963686822459977e+01
-1.652879651853109877e+01
-1.652921776727280090e+01
-1.652870338875930045e+01
-1.652930287408259957e+01
-1.652963612031249951e+01
-1.652818571661120117e+01
-1.653031499451289932e+01
-1.652982445276809997e+01
-1.652902348164440127e+01
-1.652849911248690162e+01
-1.652879618963289943e+01
-1.652944990320180096e+01
-1.652945336893300166e+01
-1.652795820069340138e+01
-1.652897287516999825e+01
-1.653068551464449953e+01
-1.652903293412339991e+01
-1.652945573736619878e+01
-1.653027013689510127e+01
-1.653071932387710063e+01
-1.653023411160399903e+01
-1.653045167678340022e+01
-1.652959551488800116e+01
-1.652972744454280019e+01
-1.652993782862469985e+01
-1.653044257798930161e+01
-1.652912255982300138e+01
-1.653047903103319882e+01
-1.652959516578849986e+01
-1.652990858067369828e+01
-1.652988224433050135e+01
-1.652973753396319978e+01
-1.652960448364380142e+01
-1.652984026395580130e+01
-1.652916266353999930e+01
-1.652921986315930170e+01
-1.652913379709010044e+01
-1.653045750173970063e+01
-1.652920618386420060e+01
-1.652842569679809870e+01
-1.652992245032480056e+01
-1.652955329890039948e+01
-1.652899048364159995e+01
-1.652945366199870136e+01
-1.652867793868859891e+01
-1.652960451920619889e+01
-1.652907446750520037e+01
-1.652959779469929913e+01
-1.652917886432570072e+01
-1.652993726605449964e+01
-1.652968688424470045e+01
-1.652907751319339980e+01
-1.652855406487280021e+01
-1.652885879933739943e+01
-1.653010017822370159e+01
-1.652980123913760124e+01
-1.652851997857660038e+01
-1.652951774058880119e+01
-1.652761353977649961e+01
-1.652847227774219974e+01
-1.653915521376579889e+01
-1.654206560400519876e+01
-1.654300727751000011e+01
-1.654360404436469878e+01
-1.654130960727620092e+01
-1.653866398230940149e+01
-1.653786843264489903e+01
-1.654028592327379954e+01
-1.653972250585020021e+01
-1.653936431276959951e+01
-1.653769802078980078e+01
-1.653861462578650077e+01
-1.654262340274879861e+01
-1.654173159548059857e+01
-1.654103669323779968e+01
-1.654354169493739946e+01
-1.654415769694540117e+01
-1.654398775926189913e+01
-1.654540843614789836e+01
-1.654463486023340124e+01
-1.654571748292050160e+01
-1.654530653318809996e+01
-1.654558757193539975e+01
-1.654603919566050152e+01
-1.654643644776869849e+01
-1.654645226667809865e+01
-1.654688918272000109e+01
-1.654769244297810005e+01
-1.654706518575530083e+01
-1.654651495330789857e+01
-1.654584383204910125e+01
-1.654830952651489895e+01
-1.654651366061870021e+01
-1.654679292659070100e+01
-1.654777867502290079e+01
-1.654707190631259905e+01
-1.654613008780059857e+01
-1.654748669463840116e+01
-1.652443231235099930e+01
-1.652853748813760149e+01
-1.652698579874580176e+01
-1.652734004429600034e+01
-1.652739674007720083e+01
-1.652908814689619987e+01
-1.652858480093939875e+01
-1.652688871047270069e+01
-1.652849947136860109e+01
-1.652522232496719923e+01
-1.652785584220550064e+01
-1.652806625959560094e+01
-1.652878511371130088e+01
-1.652825929357009827e+01
-1.652626742385820080e+01
-1.652787848247429991e+01
-1.652490203170329863e+01
-1.652683289731410099e+01
-1.652511702317979925e+01
-1.652587431708640153e+01
-1.652813381064679987e+01
-1.652646105784199904e+01
-1.652658347313429843e+01
-1.652643681967040123e+01
-1.652614468257529978e+01
-1.652420051146389923e+01
-1.652873950698250027e+01
-1.652636169840380020e+01
-1.652904494751900089e+01
-1.652613087353029897e+01
-1.652628524510479835e+01
-1.652813238293429876e+01
-1.652856344209909878e+01
-1.652656022318209850e+01
-1.652638404601389865e+01
-1.652670200667619937e+01
-1.652629669443449956e+01
-1.652708345617870123e+01
-1.652735582586440088e+01
-1.652778610338139842e+01
-1.652705115537489888e+01
-1.652753929850879899e+01
-1.652764266888209832e+01
-1.652784636996399925e+01
-1.652620585268590148e+01
-1.652626033115630122e+01
-1.652861143206429873e+01
-1.652680436063549863e+01
-1.652922443035490119e+01
-1.653018228689629865e+01
-1.652882655847820104e+01
-1.653045261953160150e+01
-1.652742658528979902e+01
-1.652553801288710034e+01
-1.652797719272999899e+01
-1.652694553771729957e+01
-1.652633410093789834e+01
-1.652596539090929895e+01
-1.652632400614970010e+01
-1.652692406265930103e+01
-1.652408164071900032e+01
-1.652697275624440110e+01
-1.652827394090829927e+01
-1.652678821921589858e+01
-1.652766201261169954e+01
-1.652423938310749918e+01
-1.652637690715399899e+01
-1.652501098985100114e+01
-1.652742812662609850e+01
-1.652874790351869905e+01
-1.652719818151949838e+01
-1.652799039794039970e+01
-1.652725715052699940e+01
-1.652636871247650063e+01
-1.652862560293749894e+01
-1.652652200849840014e+01
-1.652731665861099941e+01
-1.652775305554930085e+01
-1.653003188024749903e+01
-1.652624860571700083e+01
-1.652638154803999981e+01
-1.652548015438970097e+01
-1.652664160808259908e+01
-1.652956062261700154e+01
-1.652673763356279935e+01
-1.652822531721039923e+01
-1.652655089426849955e+01
-1.652783034941730023e+01
-1.652635037044339938e+01
-1.652971868718589832e+01
-1.652645980668560100e+01
-1.652701992098990047e+01
-1.652696713551920027e+01
-1.652595152097010001e+01
-1.652769157640560138e+01
-1.652764654058769977e+01
-1.652534746415280154e+01
-1.652690135052160159e+01
-1.652821606723070147e+01
-1.652817160393329843e+01
-1.652766861593750036e+01
-1.652834021039049972e+01
-1.652832734765490130e+01
-1.652835118115340052e+01
-1.652681707507050035e+01
-1.652916714606229931e+01
-1.652862195681539959e+01
-1.652837847735479926e+01
-1.652749755063889836e+01
-1.652952059228979920e+01
-1.652985273275099942e+01
-1.652993386273080034e+01
-1.652962496114830060e+01
-1.653018783289209992e+01
-1.652971815290860036e+01
-1.652991789389890087e+01
-1.653004430838459982e+01
-1.652997450145679892e+01
-1.652973638415640067e+01
-1.652979562436410177e+01
-1.653072052820440163e+01
-1.653049210168779837e+01
-1.653129742588090068e+01
-1.653128695150180150e+01
-1.652963674021550133e+01
-1.653009488791639825e+01
-1.652608339159879947e+01
-1.652694985007720163e+01
-1.652723763930989875e+01
-1.652848894770680133e+01
-1.652878710943160101e+01
-1.652852863836560005e+01
-1.652920325799849977e+01
-1.652826351780749903e+01
-1.652906925937070071e+01
-1.652591324091280001e+01
-1.652769127739799870e+01
-1.652888487860660049e+01
-1.652799787043840141e+01
-1.652570334521070095e+01
-1.652821879722749898e+01
-1.652782278259359927e+01
-1.652782885048240047e+01
-1.652825278655469887e+01
-1.652948629741739950e+01
-1.652811405411980061e+01
-1.652622561959029923e+01
-1.652567878382170008e+01
-1.652543158537390156e+01
-1.652956160682139952e+01
-1.652945253731829922e+01
-1.652879285173190027e+01
-1.652940478413639980e+01
-1.653000266246850103e+01
-1.652982878361950014e+01
-1.652967007355029949e+01
-1.653051062397510051e+01
-1.652973767421289963e+01
-1.652935395222189996e+01
-1.652988459361450069e+01
-1.652986826395470032e+01
-1.652889789128640174e+01
-1.652935827172300165e+01
-1.652898577506190136e+01
-1.652816318218640035e+01
-1.652751384421080161e+01
-1.652638137782820138e+01
-1.652799961947640028e+01
-1.652805870942430033e+01
-1.652662626749430075e+01
-1.652739105442789835e+01
-1.652587982467800032e+01
-1.652677165443530072e+01
-1.652739093387869929e+01
-1.652597068794599977e+01
-1.652855260103439861e+01
-1.652867107585939976e+01
-1.652734472338130089e+01
-1.652711174324129928e+01
-1.652900427621419865e+01
-1.652675207607749996e+01
-1.652824161375290046e+01
-1.652664718761450047e+01
-1.652839119026090131e+01
-1.652738103779740086e+01
-1.652843250850320089e+01
-1.652834614292670068e+01
-1.652833563535349981e+01
-1.652710733323700154e+01
-1.652899205526570015e+01
-1.652682568688560139e+01
-1.652803965614700132e+01
-1.652858530708769891e+01
-1.652769715446239829e+01
-1.652871759506369997e+01
-1.652827532633670060e+01
-1.652930794994099983e+01
-1.652780153858670076e+01
-1.652776567370180061e+01
-1.652908648182770079e+01
-1.652758768647339949e+01
-1.652908884344629925e+01
-1.652870988843060118e+01
-1.652746122396060002e+01
-1.652844246167549969e+01
-1.653002330136050091e+01
-1.653007580601699900e+01
-1.653037897318279903e+01
-1.652940919837140044e+01
-1.653063857129430048e+01
-1.653147972053470127e+01
-1.653092696526899985e+01
-1.653042933746240095e+01
-1.653163926143989926e+01
-1.652798267921010122e+01
-1.652671571578619947e+01
-1.652654195749730093e+01
-1.652697980506109943e+01
-1.652687998532750058e+01
-1.652750307391530171e+01
-1.652765410417769942e+01
-1.652813788970900077e+01
-1.652782869205550043e+01
-1.652814710044529889e+01
-1.652924082446320142e+01
-1.652919622038789882e+01
-1.652879553605000140e+01
-1.652870299008660027e+01
-1.652851684345580097e+01
-1.652925766412460007e+01
-1.652862638803440021e+01
-1.652801046334590040e+01
-1.652901887935150071e+01
-1.652893656244780018e+01
-1.652786609156520115e+01
-1.652856482938230087e+01
-1.652789931155919945e+01
-1.652681517065930095e+01
-1.652589905955939997e+01
-1.652919240879079865e+01
-1.652881229720459899e+01
-1.652839943219450092e+01
-1.652850999872340054e+01
-1.652831823213779927e+01
-1.652889670051299831e+01
-1.652681086391390153e+01
-1.652665693869339947e+01
-1.652762251686510098e+01
-1.652590156290279921e+01
-1.652699171675149969e+01
-1.652641427914539918e+01
-1.652827856883720159e+01
-1.652773722746499985e+01
-1.652883995466979883e+01
-1.652842793861950099e+01
-1.652884516796479986e+01
-1.652821840106599893e+01
-1.652872904603299986e+01
-1.652901427553809910e+01
-1.652820206048680163e+01
-1.652789417354599877e+01
-1.652936665847269992e+01
-1.652835148567340084e+01
-1.652873257975310040e+01
-1.652815283592489948e+01
-1.652831729078350165e+01
-1.652798283380629840e+01
-1.652742905531090045e+01
-1.652785758207519962e+01
-1.652879190527299968e+01
-1.652870085912639908e+01
-1.652781387928079937e+01
-1.652898996878460025e+01
-1.652809340988130060e+01
-1.652857082761810048e+01
-1.652912597933060113e+01
-1.652866866794759915e+01
-1.652897417097929988e+01
-1.652854384374570174e+01
-1.652894244594209994e+01
-1.652906646135820168e+01
-1.652771513674149872e+01
-1.652895732204019907e+01
-1.652829300212300012e+01
-1.653024299468249936e+01
-1.652826538022090119e+01
-1.652810015757519935e+01
-1.652917197749039957e+01
-1.653047887874850019e+01
-1.652996982621720079e+01
-1.652819279877390102e+01
-1.652960621795579854e+01
-1.652613481240129900e+01
-1.652651139177400097e+01
-1.652574900837079852e+01
-1.652576007535600056e+01
-1.652771530068309858e+01
-1.652821418298060152e+01
-1.652900727219530097e+01
-1.652798733065949932e+01
-1.653024838179850065e+01
-1.652837230964779991e+01
-1.652756187851539948e+01
-1.652949050876259918e+01
-1.652722297094459947e+01
-1.652767538698549998e+01
-1.652849740350099950e+01
-1.652894415213770074e+01
-1.652941212695339956e+01
-1.653029341716730016e+01
-1.652970282501160071e+01
-1.653192993866209903e+01
-1.653130580287010076e+01
-1.653151372309909917e+01
-1.653110855255719969e+01
-1.653082395974900010e+01
-1.653090718819129989e+01
-1.652835950576760027e+01
-1.652788077612229856e+01
-1.653038195085600037e+01
-1.652965284365780008e+01
-1.652726744800650138e+01
-1.652832285688360159e+01
-1.653029425651410023e+01
-1.652895246714379951e+01
-1.652879929148510030e+01
-1.652840006977730170e+01
-1.652910184469649835e+01
-1.652919828288009896e+01
-1.652809206724279889e+01
-1.652847691911280137e+01
-1.652823676889779847e+01
-1.653156336761200151e+01
-1.653119075196899956e+01
-1.653017573254700068e+01
-1.652933681689030010e+01
-1.652929498516209961e+01
-1.653030354038450156e+01
-1.653094539051599909e+01
-1.653004229223009958e+01
-1.653033083833859962e+01
-1.653186553597020136e+01
-1.652994196803100024e+01
-1.653112594068310059e+01
-1.653019895619729951e+01
-1.653122248881919987e+01
-1.653128258843929999e+01
-1.652854207088169858e+01
-1.652751470603249828e+01
-1.652862566529449850e+01
-1.652790309689120107e+01
-1.652798712124469915e+01
-1.652767604175879868e+01
-1.652748114574729854e+01
-1.652766392273520069e+01
-1.652776591150569985e+01
-1.652799924315640112e+01
-1.652835921061529945e+01
-1.652736818558339849e+01
-1.652864464046919935e+01
-1.652839367568670070e+01
-1.652748635501950147e+01
-1.652846927569949997e+01
-1.652706056167010118e+01
-1.652779336652620046e+01
-1.652811057843619835e+01
-1.652855397448150043e+01
-1.652817733573860082e+01
-1.652747644373249969e+01
-1.652662781458949937e+01
-1.652825599950260127e+01
-1.652608334800959966e+01
-1.652467946443190172e+01
-1.652653174805229952e+01
-1.652603176423469833e+01
-1.652680393130350112e+01
-1.652925443621720092e+01
-1.652985824955570138e+01
-1.652921088123279958e+01
-1.652969211863809917e+01
-1.652812938758599870e+01
-1.652756214047780148e+01
-1.652740427218450137e+01
-1.652749791148169933e+01
-1.652728111861319960e+01
-1.652683430096400130e+01
-1.652726642955270009e+01
-1.652774471765710018e+01
-1.652799305179039990e+01
-1.652749040206780151e+01
-1.652767139254040174e+01
-1.652737483615790026e+01
-1.652744633227510107e+01
-1.652830755838019883e+01
-1.652744067117509985e+01
-1.652769947801580130e+01
-1.652767314380630026e+01
-1.652801431204460059e+01
-1.652715443792959960e+01
-1.652816727298300137e+01
-1.652757107455600050e+01
-1.652773802469889830e+01
-1.652909963799460158e+01
-1.652678942822679886e+01
-1.652917669239230136e+01
-1.652905200479889913e+01
-1.652753365349279946e+01
-1.652806426874910173e+01
-1.652776533040229978e+01
-1.652866308195959988e+01
-1.652843835245199955e+01
-1.652867727753960025e+01
-1.652866660768980012e+01
-1.652823257455819927e+01
-1.652806132952870044e+01
-1.652927710802109829e+01
-1.652784420392490006e+01
-1.652836383248400054e+01
-1.652882257001279953e+01
-1.652688684559749888e+01
-1.652752058443359928e+01
-1.652827911027560148e+01
-1.652765504560800025e+01
-1.652854235031449903e+01
-1.652858512305689942e+01
-1.652735177609210027e+01
-1.652858196183850126e+01
-1.652849996848589953e+01
-1.652744163678670120e+01
-1.652866444213610109e+01
-1.652909558717410121e+01
-1.652847511895620158e+01
-1.652994554984299924e+01
-1.652907092641460096e+01
-1.653036728264279986e+01
-1.652872740975989885e+01
-1.652734114163079937e+01
-1.652772462580090007e+01
-1.652845685498839856e+01
-1.652735695833269958e+01
-1.652825268738159892e+01
-1.652651710647409899e+01
-1.652760223097110170e+01
-1.652617267679289981e+01
-1.652683035211639861e+01
-1.652625625154970024e+01
-1.652771214073069928e+01
-1.652751924868400124e+01
-1.652705876923329953e+01
-1.652870285561359864e+01
-1.652931555683640141e+01
-1.652908899227979944e+01
-1.652751040521259895e+01
-1.652821922501960117e+01
-1.652821049477969950e+01
-1.652633449990749881e+01
-1.652782474379790045e+01
-1.652773946583729980e+01
-1.652773654389769931e+01
-1.652748251331080098e+01
-1.652830556419430152e+01
-1.652956063591580005e+01
-1.653019071998319944e+01
-1.653203481482919912e+01
-1.652993992689560088e+01
-1.652904639359890027e+01
-1.653043602299799986e+01
-1.652941585593219997e+01
-1.652880909965309897e+01
-1.653023953930760115e+01
-1.652698264377270121e+01
-1.652941976200069973e+01
-1.652683069932080073e+01
-1.652751401506110085e+01
-1.652761988172969865e+01
-1.652889203843270138e+01
-1.652792928896800007e+01
-1.652818365290429981e+01
-1.652836814416210132e+01
-1.652716303275330034e+01
-1.652650608770600016e+01
-1.652748374066300130e+01
-1.652696267266719943e+01
-1.652742550360079932e+01
-1.652985097763099986e+01
-1.652885089727449852e+01
-1.652966387989249952e+01
-1.652896545272740170e+01
-1.652949954063720028e+01
-1.652903798551970027e+01
-1.652767326179469976e+01
-1.652749411497099885e+01
-1.652878008457659931e+01
-1.652822189811670128e+01
-1.652762368232970047e+01
-1.652899894479660148e+01
-1.652840031456450021e+01
-1.652823529999330177e+01
-1.652563077347090115e+01
-1.652820362900330053e+01
-1.652862104116499964e+01
-1.652748588272839925e+01
-1.652841434197939918e+01
-1.652989059810809991e+01
-1.652757460587699967e+01
-1.652763596240950150e+01
-1.652815446565369939e+01
-1.652847049830770132e+01
-1.652682446993020093e+01
-1.652719808046180106e+01
-1.652656636208419982e+01
-1.652736966161920051e+01
-1.652764135975349902e+01
-1.652741263612299960e+01
-1.652758895820510077e+01
-1.652643500656479958e+01
-1.652766948803250102e+01
-1.652836481468499841e+01
-1.652611561710279986e+01
-1.652652537627839990e+01
-1.652702381980009960e+01
-1.652672483104570134e+01
-1.652646783481339909e+01
-1.652659372359470069e+01
-1.652825440512160071e+01
-1.652876510259520160e+01
-1.652826750641299824e+01
-1.652790198949670142e+01
-1.652719237442499889e+01
-1.652814769542710138e+01
-1.652791377118499838e+01
-1.652735500591800033e+01
-1.652679531365529897e+01
-1.652755281403339893e+01
-1.652744248228740176e+01
-1.652719503218390074e+01
-1.652840645027480093e+01
-1.652769197669429957e+01
-1.652787396293199862e+01
-1.652949653276920117e+01
-1.652734444875920161e+01
-1.652767421400299952e+01
-1.652803277605190146e+01
-1.652846926601300126e+01
-1.652777576570939999e+01
-1.652768510374750122e+01
-1.652785398978789999e+01
-1.652731601642809878e+01
-1.652781512212219894e+01
-1.652804745679170040e+01
-1.652664593606170129e+01
-1.652625000202790062e+01
-1.652739903170299840e+01
-1.652753105926310084e+01
-1.652632402086339880e+01
-1.652691790038999997e+01
-1.652682657765929974e+01
-1.652651863938140053e+01
-1.652691503684500063e+01
-1.652735940246870072e+01
-1.652627830654870067e+01
-1.652720497781729847e+01
-1.652748950569990072e+01
-1.652747833514819931e+01
-1.652853170183859888e+01
-1.652757079274860175e+01
-1.652702414894849881e+01
-1.652650473235949846e+01
-1.652753653338049844e+01
-1.652773279072150103e+01
-1.652613341939889935e+01
-1.652774689881630010e+01
-1.652769839267210017e+01
-1.652681985572790069e+01
-1.652826045705180036e+01
-1.652669993258939840e+01
-1.652842319796749848e+01
-1.652832440942849956e+01
-1.652596871152909941e+01
-1.652820526524480016e+01
-1.652803795420980038e+01
-1.652713296170630031e+01
-1.652764613129230042e+01
-1.652746121657499856e+01
-1.652776500108199897e+01
-1.652799384391200022e+01
-1.652877719837620063e+01
-1.652778544027960095e+01
-1.652772150557699860e+01
-1.652714143300130090e+01
-1.652722818735420063e+01
-1.652733182280330126e+01
-1.652736968275119978e+01
-1.652906232595480063e+01
-1.652784159693730004e+01
-1.652784870823250074e+01
-1.652715406193059877e+01
-1.652779141558179887e+01
-1.652668467951869857e+01
-1.652664242514709869e+01
-1.652805766300820167e+01
-1.652748971914509823e+01
-1.652782931239149988e+01
-1.652801184363460152e+01
-1.652844261087490096e+01
-1.652765987554990090e+01
-1.652846385404300023e+01
-1.652861295151380006e+01
-1.652872953641839970e+01
-1.652860633946519897e+01
-1.652938160197929918e+01
-1.652830916355360102e+01
-1.652712238541409917e+01
-1.652373087307410060e+01
-1.652881695847930033e+01
-1.652893999935849934e+01
-1.652879512751789903e+01
-1.652882049110609941e+01
-1.652780712160469889e+01
-1.652940839225369984e+01
-1.652780255008930155e+01
-1.652778164698829855e+01
-1.652859353777289897e+01
-1.652822888894409914e+01
-1.652816304116660007e+01
-1.652739843738600101e+01
-1.652803685067010164e+01
-1.652781887846229836e+01
-1.652828044629680093e+01
-1.652815024426410062e+01
-1.652821987994679986e+01
-1.652772883114720059e+01
-1.652849012575819998e+01
-1.652779378256470011e+01
-1.652854693850670031e+01
-1.652808000722999893e+01
-1.652777264452859995e+01
-1.652856351639880117e+01
-1.652837307150930002e+01
-1.652831727642919901e+01
-1.652846013067620135e+01
-1.652854799491370130e+01
-1.652685457283009995e+01
-1.652876997053270003e+01
-1.652791735166849918e+01
-1.652972687518879980e+01
-1.652848588590530099e+01
-1.652823625026480059e+01
-1.652865127537770107e+01
-1.652906500177769900e+01
-1.652986905075550084e+01
-1.652882330955780077e+01
-1.652841098713039969e+01
-1.652744221608169894e+01
-1.652901654988680136e+01
-1.652927552113209941e+01
-1.652869961759610007e+01
-1.652802615764570149e+01
-1.652805333034860169e+01
-1.652874457262050001e+01
-1.652809059519200119e+01
-1.652904149339099860e+01
-1.652905027603990007e+01
-1.652882207961550165e+01
-1.652886416936840064e+01
-1.652928246429690162e+01
-1.652921601294810117e+01
-1.652989024915540028e+01
-1.652978582177109956e+01
-1.652769688300540096e+01
-1.652954051666669955e+01
-1.653034998255539989e+01
-1.652859759518430138e+01
-1.652982199600900159e+01
-1.652920386536019848e+01
-1.653082703253490138e+01
-1.652844707834109883e+01
-1.652872910088759895e+01
-1.652951663416740047e+01
-1.653011120124750022e+01
-1.652946402316619867e+01
-1.652775424118719982e+01
-1.652814153174140088e+01
-1.652985721813690034e+01
-1.653024752087349825e+01
-1.652955125813659976e+01
-1.652890549236549944e+01
-1.652956591274829989e+01
-1.652827146150950099e+01
-1.652965779713469985e+01
-1.652899017066039988e+01
-1.652981837342539961e+01
-1.652906723019620117e+01
-1.652911204842159876e+01
-1.652968251351930107e+01
-1.652983219148670102e+01
-1.652857653719280151e+01
-1.652775802355409951e+01
-1.652960084140480035e+01
-1.653102862478269941e+01
-1.652907909106230022e+01
-1.652914115747789836e+01
-1.652930855517210063e+01
-1.653079938132470161e+01
-1.652927918183520006e+01
-1.653204621723509860e+01
-1.653331141739009880e+01
-1.652577101556909867e+01
-1.652991820276410095e+01
-1.652985666161210077e+01
-1.652822886290140048e+01
-1.652801397351199952e+01
-1.652891250878819918e+01
-1.652903717501969894e+01
-1.652878964349429936e+01
-1.652886617847250150e+01
-1.652981892044489953e+01
-1.652812626525239992e+01
-1.652915407675940074e+01
-1.652809207921439949e+01
-1.652723997108000020e+01
-1.652825718206020156e+01
-1.652878532951449841e+01
-1.652916539298890086e+01
-1.652848360329220156e+01
-1.652881727475130091e+01
-1.653017836099530058e+01
-1.652959012012070161e+01
-1.652941742427190164e+01
-1.652898303910779987e+01
-1.652804719213359874e+01
-1.652830846483439942e+01
-1.652941764279330172e+01
-1.652848257973699830e+01
-1.652739998552339884e+01
-1.652815926598569973e+01
-1.653040768639479907e+01
-1.652819811576300069e+01
-1.652726739098639896e+01
-1.652939636014490077e+01
-1.652917244917099993e+01
-1.652960198726449903e+01
-1.652942127292829966e+01
-1.652817766474139916e+01
-1.652922767254869996e+01
-1.653049253093270110e+01
-1.653040713030500086e+01
-1.652893704741050129e+01
-1.653077308016479918e+01
-1.652980571605500160e+01
-1.653081309238270080e+01
-1.653129800972099872e+01
-1.652900168850160156e+01
-1.653029655285239841e+01
-1.653165608949419862e+01
-1.652986395227560124e+01
-1.652893074433119835e+01
-1.652945092585629894e+01
-1.652997710073859849e+01
-1.652977079758180068e+01
-1.653086552868100156e+01
-1.653128360735129831e+01
-1.653135653816660167e+01
-1.653047508884559846e+01
-1.653045404033850119e+01
-1.653145658901910053e+01
-1.652930173150859972e+01
-1.652950958078319843e+01
-1.653020490424449918e+01
-1.652813786987960043e+01
-1.652975374236550010e+01
-1.653185342167139993e+01
-1.652948970637909909e+01
-1.652905778342989862e+01
-1.652964915085300035e+01
-1.653066378273819836e+01
-1.652981427638830070e+01
-1.652937827804840154e+01
-1.653117499598879903e+01
-1.653087195106359886e+01
-1.653029456226089877e+01
-1.652993695655370132e+01
-1.652987214382280001e+01
-1.652974602499460133e+01
-1.653114468394129943e+01
-1.653092101648029910e+01
-1.653117844324820140e+01
-1.653228294743540161e+01
-1.653088443727229873e+01
-1.653116431167590150e+01
-1.653154246297309982e+01
-1.653194755485559853e+01
-1.653148760685889940e+01
-1.653097592438750141e+01
-1.653249963567479952e+01
-1.653129703601339884e+01
-1.653236945335419961e+01
-1.653199020311510026e+01
-1.653108008460250034e+01
-1.653125230952020175e+01
-1.653280130156840144e+01
-1.653155922395690069e+01
-1.653009811570769827e+01
-1.653020280438610001e+01
-1.653001071886239970e+01
-1.652886518746580080e+01
-1.652866431936439895e+01
-1.652897805450350077e+01
-1.652898439067320169e+01
-1.653045735012079831e+01
-1.652927987137800159e+01
-1.652900379128620045e+01
-1.652921644036990045e+01
-1.653062397715219944e+01
-1.652991416314749884e+01
-1.652903816928990111e+01
-1.652899126627690052e+01
-1.652913547260270022e+01
-1.653033258579240083e+01
-1.652855350115759947e+01
-1.652990611316970160e+01
-1.652943143954909999e+01
-1.652945034640779909e+01
-1.652991114530630057e+01
-1.652930409330319961e+01
-1.652917011907300093e+01
-1.652889093647349839e+01
-1.652928760134760111e+01
-1.652855877216699909e+01
-1.653052455716349911e+01
-1.652888188465729868e+01
-1.653023736036029945e+01
-1.652797163214099996e+01
-1.652932124318569862e+01
-1.652943449183230129e+01
-1.652865283762649895e+01
-1.652866563882509965e+01
-1.652933960501130173e+01
-1.653026778110659833e+01
-1.652928013935699880e+01
-1.652973623875680076e+01
-1.652848409336349889e+01
-1.652838643661320006e+01
-1.652873247105069865e+01
-1.652997930425339845e+01
-1.652819232385689929e+01
-1.652893085442450172e+01
-1.652963498992599867e+01
-1.653041408386830113e+01
-1.652902900714380152e+01
-1.652926570213029933e+01
-1.652923727256159836e+01
-1.652879311620730007e+01
-1.652810095593639872e+01
-1.652938517371039850e+01
-1.652874807622259823e+01
-1.652860405491439977e+01
-1.652975917788830174e+01
-1.652878345211210132e+01
-1.652905605299820024e+01
-1.652872091092930162e+01
-1.652940585078599867e+01
-1.652971092818010135e+01
-1.652969456724419928e+01
-1.652895782834280070e+01
-1.652899707851009836e+01
-1.652860829040589863e+01
-1.652967274628030125e+01
-1.653011213956940040e+01
-1.652778788036329871e+01
-1.652860663355919968e+01
-1.652840516063659848e+01
-1.652902354150059949e+01
-1.652799599038349854e+01
-1.652897924570769916e+01
-1.652839313870279980e+01
-1.652758741331360071e+01
-1.652860089151599965e+01
-1.652861511705030040e+01
-1.652814519577529850e+01
-1.652810714423929994e+01
-1.652987093445910105e+01
-1.652911667606840140e+01
-1.652967912325129873e+01
-1.652666074111359862e+01
-1.652869414906500012e+01
-1.652881687047840131e+01
-1.652898940624680080e+01
-1.652918626232390054e+01
-1.652841165447719973e+01
-1.652891868488750049e+01
-1.652970551091809881e+01
-1.652904098440430047e+01
-1.652871381997509914e+01
-1.652790735271069877e+01
-1.652780314089140035e+01
-1.652691251787389959e+01
-1.652905049149610051e+01
-1.652904413432720077e+01
-1.652904961605570122e+01
-1.652896171970990125e+01
-1.652970299448060132e+01
-1.652865276317989895e+01
-1.652865079798539938e+01
-1.652830370283249906e+01
-1.652907695901109975e+01
-1.653003893692009996e+01
-1.652826717473820040e+01
-1.652857845293469907e+01
-1.652789468815609908e+01
-1.652906887215920051e+01
-1.652915110607129989e+01
-1.652834468021350034e+01
-1.652874730232829847e+01
-1.652870658709460017e+01
-1.652869898167769946e+01
-1.653004493052040047e+01
-1.653008634648410080e+01
-1.652872971845570049e+01
-1.652959148125680144e+01
-1.652836697027840174e+01
-1.652935960557089956e+01
-1.652891366545579999e+01
-1.652830702211700142e+01
-1.652848098898190088e+01
-1.652856609184729919e+01
-1.652880304917329823e+01
-1.652902967144330049e+01
-1.652841233123709941e+01
-1.652853990828630160e+01
-1.652815017897970051e+01
-1.652823710566050153e+01
-1.652856261421059969e+01
-1.652914306030629987e+01
-1.652971307618840058e+01
-1.652895899781880118e+01
-1.652887123158309990e+01
-1.652984760175460011e+01
-1.652740607616300039e+01
-1.652896339143820015e+01
-1.652906458448250149e+01
-1.652865492353929966e+01
-1.652788949395930018e+01
-1.652864085481089873e+01
-1.652908922754189902e+01
-1.652895915808170102e+01
-1.652989116995420105e+01
-1.653022217833200003e+01
-1.652941285111469938e+01
-1.652915496376440174e+01
-1.652902841397470013e+01
-1.652871163512239860e+01
-1.652873242941920040e+01
-1.652948957856390066e+01
-1.652868408397910116e+01
-1.652921490315150166e+01
-1.652970046963509887e+01
-1.652988035953519841e+01
-1.652833642017030158e+01
-1.652762018218319895e+01
-1.652846099152059978e+01
-1.652865103520390022e+01
-1.652909675809929979e+01
-1.652917953348899971e+01
-1.652793432035640109e+01
-1.652957002628729910e+01
-1.653033241237760009e+01
-1.653082440675479958e+01
-1.652874495231689878e+01
-1.652959601638220022e+01
-1.652991441323720068e+01
-1.652783840382119962e+01
-1.652999599884130077e+01
-1.652997803001409949e+01
-1.652762310759050024e+01
-1.652752602007659988e+01
-1.653020848663210174e+01
-1.652953723501680017e+01
-1.652849686039460053e+01
-1.652879909156559890e+01
-1.652875777823420123e+01
-1.652961712902600055e+01
-1.652828103399970061e+01
-1.652852032404840088e+01
-1.652945159554990084e+01
-1.652818744178170007e+01
-1.652821703715549972e+01
-1.652842828093070082e+01
-1.652760962672070022e+01
-1.652768871689109886e+01
-1.652838018566080081e+01
-1.652932514133020092e+01
-1.652947779478159873e+01
-1.652756915813199967e+01
-1.652850581677079944e+01
-1.652823163036649845e+01
-1.652812433237579981e+01
-1.652811949450520146e+01
-1.652736196708919891e+01
-1.652815194120070075e+01
-1.652826427161210177e+01
-1.652773948090660028e+01
-1.652829466815489923e+01
-1.652906254954589826e+01
-1.652905445212890001e+01
-1.652878158475260051e+01
-1.652816850390430048e+01
-1.652779239563779967e+01
-1.652742914783040007e+01
-1.652844368754480087e+01
-1.652847128241669949e+01
-1.652883574722709881e+01
-1.652730455770790030e+01
-1.652802169925929832e+01
-1.652711932017470176e+01
-1.652828215372510101e+01
-1.652862932517989947e+01
-1.652784287712970013e+01
-1.652850326471330078e+01
-1.652813440393660116e+01
-1.652825068780320095e+01
-1.652814375362079957e+01
-1.652841398644489956e+01
-1.652813112465339884e+01
-1.652754982779400095e+01
-1.652872528584819989e+01
-1.652957171253340007e+01
-1.652902006824769998e+01
-1.652960104934030028e+01
-1.652825898033239937e+01
-1.652961440509540125e+01
-1.652980797771470023e+01
-1.652881988049880135e+01
-1.653103902331410069e+01
-1.652803562767530110e+01
-1.652938605645719861e+01
-1.652898110175630109e+01
-1.652753933815829868e+01
-1.652791251152540042e+01
-1.652948273906930154e+01
-1.652895506774870071e+01
-1.652811116128599878e+01
-1.652880509796850106e+01
-1.652814885136989886e+01
-1.652889835195239954e+01
-1.652864129104590063e+01
-1.652763764591649931e+01
-1.652944211341079850e+01
-1.652805409510470014e+01
-1.652832267296869873e+01
-1.652850244706949923e+01
-1.652879974694450027e+01
-1.652830891911300171e+01
-1.652815566181639895e+01
-1.652777759924660117e+01
-1.652761030303449985e+01
-1.652806777788870107e+01
-1.652763188523299931e+01
-1.652787614623569823e+01
-1.652892677401240107e+01
-1.652804417918279967e+01
-1.652769197798259881e+01
-1.652849310743399869e+01
-1.652851601375580159e+01
-1.652878169576430167e+01
-1.652764420274749924e+01
-1.652792152311399931e+01
-1.652835162311480133e+01
-1.652767180109880130e+01
-1.652817788622769868e+01
-1.652843617485050132e+01
-1.652840817858000122e+01
-1.652885350363629868e+01
-1.652840858087139964e+01
-1.653030303886270147e+01
-1.652842720226779960e+01
-1.652727172164490099e+01
-1.652813618080740099e+01
-1.652945483320440090e+01
-1.652862610747639849e+01
-1.652889842631449824e+01
-1.652816034791129951e+01
-1.652804084240019833e+01
-1.652841150045270169e+01
-1.652798964894629918e+01
-1.652871408180540058e+01
-1.652888393392059996e+01
-1.652799259594970138e+01
-1.652854244634319869e+01
-1.652813344847569965e+01
-1.652821079333039833e+01
-1.652726685412719831e+01
-1.652932284577400068e+01
-1.652984006828640062e+01
-1.652842101470509917e+01
-1.652931232157499863e+01
-1.652913367586549853e+01
-1.652875887901090124e+01
-1.652840745704040160e+01
-1.653015305538540147e+01
-1.652925141688610111e+01
-1.652908675828459906e+01
-1.652876107838979891e+01
-1.652856492024870150e+01
-1.652901097796430108e+01
-1.652658195588379897e+01
-1.652855690987640003e+01
-1.652815672432519989e+01
-1.652792880377320017e+01
-1.652797231110229959e+01
-1.652700015671370082e+01
-1.652738736119449925e+01
-1.652735727264559884e+01
-1.652776837518889863e+01
-1.652904332780730101e+01
-1.652938565119309899e+01
-1.652754984375249947e+01
-1.652695503237229957e+01
-1.652820473692869996e+01
-1.652927585585970149e+01
-1.652878918252120144e+01
-1.652734448107009868e+01
-1.652708853397799871e+01
-1.652780402869720078e+01
-1.652790838451230115e+01
-1.652778319644750127e+01
-1.652829589076930006e+01
-1.652826922339259852e+01
-1.652906462708670077e+01
-1.652881350406530103e+01
-1.652764643988589910e+01
-1.652880937767600145e+01
-1.652789529482459940e+01
-1.652881073266830114e+01
-1.652803896511450077e+01
-1.652767105495750144e+01
-1.652895961610749964e+01
-1.652954438645440050e+01
-1.652779634737990122e+01
-1.652716353016710116e+01
-1.652774499729000013e+01
-1.652896113910869857e+01
-1.652778821252359975e+01
-1.652825373145369880e+01
-1.652787774796900067e+01
-1.652681499208859961e+01
-1.652602543065529872e+01
-1.652437849800289982e+01
-1.652550175568349999e+01
-1.652579861421270024e+01
-1.652626617148019861e+01
-1.652631558939840062e+01
-1.652558276969280016e+01
-1.652694324478689936e+01
-1.652864617056919982e+01
-1.652719343289309961e+01
-1.652678579063140063e+01
-1.652690141640560029e+01
-1.652857363057700013e+01
-1.652719989538559986e+01
-1.652540618370219860e+01
-1.652773663526010139e+01
-1.652749482581749874e+01
-1.652734022953969983e+01
-1.652468565468669937e+01
-1.652653201707930108e+01
-1.652706798323880122e+01
-1.652695038319189891e+01
-1.652750163673270123e+01
-1.652640436652820100e+01
-1.652711387938790111e+01
-1.652749034572779863e+01
-1.652735155608289830e+01
-1.652773128181150142e+01
-1.652792129019369938e+01
-1.652729263745399990e+01
-1.652665234553180085e+01
-1.652728359852569895e+01
-1.652839394216410085e+01
-1.652672788153149952e+01
-1.652583551284289953e+01
-1.652761585044540027e+01
-1.652862502343030116e+01
-1.652863626512899842e+01
-1.652737914495040172e+01
-1.652710213030429998e+01
-1.652753757437150028e+01
-1.652712918995720059e+01
-1.652796488513180151e+01
-1.652734035147090097e+01
-1.652721433060009915e+01
-1.652758371304090090e+01
-1.652787376075880132e+01
-1.652861120519489901e+01
-1.652742744816130127e+01
-1.652754992055960059e+01
-1.652701603379150086e+01
-1.652798059655830087e+01
-1.652740571870679887e+01
-1.652797904589500178e+01
-1.652829106226360167e+01
-1.652830960550469896e+01
-1.652777011130769935e+01
-1.652772629891429901e+01
-1.652677765028409951e+01
-1.652834833806059933e+01
-1.652953326998510164e+01
-1.652897741091749850e+01
-1.652809606967360168e+01
-1.652921908495600078e+01
-1.652757079226289960e+01
-1.652922180412459952e+01
-1.652827611634150173e+01
-1.652804049469050085e+01
-1.652901788559070084e+01
-1.652906081525589954e+01
-1.653027239502090140e+01
-1.652808501850260114e+01
-1.652866575851420095e+01
-1.652888538252430095e+01
-1.652886214345710059e+01
-1.652973034053430013e+01
-1.652983024011669855e+01
-1.652836865074300121e+01
-1.652703832031690112e+01
-1.652804535141209996e+01
-1.652805817492970064e+01
-1.652770239766909910e+01
-1.652960124276550147e+01
-1.652812734940010131e+01
-1.652888073422050041e+01
-1.652868119375120060e+01
-1.652687614086950063e+01
-1.652853641862619938e+01
-1.652816373818919971e+01
-1.652875646289540157e+01
-1.652796120814370084e+01
-1.652732686838709952e+01
-1.652726767000019947e+01
-1.652882593903780162e+01
-1.652868196489599839e+01
-1.652783426280030099e+01
-1.652823618681290085e+01
-1.652711030433970052e+01
-1.652796301248369915e+01
-1.652743485032749859e+01
-1.652909011404339878e+01
-1.652672222755240128e+01
-1.652721538892929942e+01
-1.652798608002940028e+01
-1.652733819291839978e+01
-1.652694599321739943e+01
-1.652820681745059872e+01
-1.652784839145959950e+01
-1.652604520928629839e+01
-1.652535071167849878e+01
-1.652776801491189929e+01
-1.652729792036700118e+01
-1.652776813893229857e+01
-1.652660054791899924e+01
-1.652699236162170138e+01
-1.652692350949140021e+01
-1.652786899606019944e+01
-1.652601906340590077e+01
-1.652698273131469975e+01
-1.652789506236619843e+01
-1.652664224781700142e+01
-1.652751596260770128e+01
-1.652727201506479915e+01
-1.652797813614909828e+01
-1.652889911886299856e+01
-1.652940896549799987e+01
-1.652844057976270165e+01
-1.652910772192349853e+01
-1.653077480548610012e+01
-1.653013222666999837e+01
-1.652929001481539828e+01
-1.652988040771539957e+01
-1.653151023475090042e+01
-1.653032417302570067e+01
-1.652993920869869982e+01
-1.653040061728929899e+01
-1.653024313292529968e+01
-1.653033484927440000e+01
-1.653016581148419917e+01
-1.652972127976200056e+01
-1.652994562694879832e+01
-1.653054369041970162e+01
-1.652947914957439934e+01
-1.653126524107560158e+01
-1.652938234060750133e+01
-1.652937085739259970e+01
-1.652773981223430155e+01
-1.652825157216389940e+01
-1.652889771020119980e+01
-1.652834243250579860e+01
-1.652828659682500145e+01
-1.652790334723160015e+01
-1.652839592423449844e+01
-1.652798578147769959e+01
-1.652866348063140123e+01
-1.652761619972880069e+01
-1.653034968232449842e+01
-1.652941038387880113e+01
-1.652831067447959867e+01
-1.652803748087449875e+01
-1.652922819649459996e+01
-1.652839329793939882e+01
-1.652808327853939829e+01
-1.652819475190640119e+01
-1.652835812136320115e+01
-1.652710749167579962e+01
-1.652788917883690090e+01
-1.652795081161049850e+01
-1.652781564758520005e+01
-1.652653984443810131e+01
-1.652809021974509918e+01
-1.652883987329450122e+01
-1.652769313884790137e+01
-1.652729390749589911e+01
-1.652689928996710123e+01
-1.652853477084460110e+01
-1.652736063746009876e+01
-1.652803347295470004e+01
-1.652756692782239867e+01
-1.652842113013020153e+01
-1.652752123524300032e+01
-1.652921201189219857e+01
-1.652725494870109912e+01
-1.652847234299769852e+01
-1.652814705447159938e+01
-1.652814238893479981e+01
-1.652888248155889883e+01
-1.652897588818829888e+01
-1.652896609922580140e+01
-1.652855977922099839e+01
-1.652799553325749926e+01
-1.652808530252999830e+01
-1.652876758955250125e+01
-1.652777390061550022e+01
-1.652814889555050115e+01
-1.652767154248549986e+01
-1.652769338421380141e+01
-1.652851235298290078e+01
-1.652790875965269990e+01
-1.652862453990299940e+01
-1.652881608201710151e+01
-1.652776202122430149e+01
-1.652833752999589834e+01
-1.652890596622309971e+01
-1.652692535219240000e+01
-1.652653822064580069e+01
-1.652882245275059958e+01
-1.652762379285699978e+01
-1.652674507586390007e+01
-1.652726528824830154e+01
-1.652761996826480129e+01
-1.652741377032149828e+01
-1.652704678702579955e+01
-1.652724462066160172e+01
-1.652749694872209929e+01
-1.652696369535999921e+01
-1.652720710523290037e+01
-1.652726921181359998e+01
-1.652793120849100106e+01
-1.652786044917440123e+01
-1.652805429330749831e+01
-1.652676324018889886e+01
-1.652755975431970015e+01
-1.652879035589040058e+01
-1.652823444926319851e+01
-1.652788245874199902e+01
-1.652861105050610036e+01
-1.652814919928519899e+01
-1.652776818895529942e+01
-1.652849368144730136e+01
-1.652825985008950127e+01
-1.652795981467269826e+01
-1.652917315245609942e+01
-1.652775287394220172e+01
-1.652760850682280136e+01
-1.652730708025260142e+01
-1.652899159303419907e+01
-1.652835253641660174e+01
-1.652816707915869898e+01
-1.652840895341369887e+01
-1.652766749863780049e+01
-1.652916162586160098e+01
-1.652746456139099962e+01
-1.652705694991039920e+01
-1.652977289188820009e+01
-1.652811060676420141e+01
-1.652762202416700177e+01
-1.652928341199709905e+01
-1.652956893086859935e+01
-1.652972507215060105e+01
-1.652787147562749936e+01
-1.652858791032030084e+01
-1.652995076752790027e+01
-1.652914599614929969e+01
-1.652864775411860165e+01
-1.652785587621940167e+01
-1.652886014802760073e+01
-1.652932998460130065e+01
-1.652825375530359864e+01
-1.652814077105970014e+01
-1.652870963619859879e+01
-1.652830200189260168e+01
-1.653066130574550030e+01
-1.652840667608590053e+01
-1.652858056656179997e+01
-1.652966796242079894e+01
-1.652841534876380081e+01
-1.652856949248749885e+01
-1.652905711382669907e+01
-1.652985636669820124e+01
-1.652911937832200095e+01
-1.652924598684100133e+01
-1.652953414737010007e+01
-1.652912550355440047e+01
-1.652955556670229953e+01
-1.652771355290829902e+01
-1.652875796040320111e+01
-1.653079024344700088e+01
-1.652925007267489832e+01
-1.652825160456709952e+01
-1.652880480186529866e+01
-1.652977729402270057e+01
-1.652956526546120131e+01
-1.652859384659980080e+01
-1.652780913509539928e+01
-1.652842962946359862e+01
-1.652872622568879990e+01
-1.652721318179990107e+01
-1.652897632920090132e+01
-1.652688203148619905e+01
-1.652722492944259969e+01
-1.652780196735099949e+01
-1.652700724412299849e+01
-1.652714089868869962e+01
-1.652815238323890057e+01
-1.652903650126379986e+01
-1.652760987289419958e+01
-1.652828634143120112e+01
-1.652794321969389912e+01
-1.652775089139300135e+01
-1.652760644977070115e+01
-1.652841577877149959e+01
-1.652953106083910129e+01
-1.652791183378800000e+01
-1.652923392561690008e+01
-1.652894884592920022e+01
-1.652955892991520059e+01
-1.652881019803369966e+01
-1.652827905057949920e+01
-1.652748096638719844e+01
-1.652868825258099861e+01
-1.652813486254930098e+01
-1.652834817670260037e+01
-1.652927306702689947e+01
-1.652792778294000087e+01
-1.652722864397700064e+01
-1.652733826102519998e+01
-1.652806360704899902e+01
-1.652993669966240020e+01
-1.652878359229140059e+01
-1.652862409136880117e+01
-1.652878072046580016e+01
-1.652795593728119883e+01
-1.652873378043789998e+01
-1.652741173523180152e+01
-1.652883526172280071e+01
-1.652942636433209955e+01
-1.652800293112609964e+01
-1.652765316771570170e+01
-1.652860175981910018e+01
-1.652852190722930104e+01
-1.652800532737569839e+01
-1.652697666964289880e+01
-1.652854928449550087e+01
-1.652903801341529899e+01
-1.652883929763380166e+01
-1.652821387642680051e+01
-1.652940776315800164e+01
-1.652987037605209864e+01
-1.652959140360900037e+01
-1.652766957964299976e+01
-1.652736686921619835e+01
-1.652829876545920129e+01
-1.653023795176419952e+01
-1.652852164932480150e+01
-1.652901301039459980e+01
-1.652833784042639920e+01
-1.652616408112410085e+01
-1.652424557406460082e+01
-1.652599849039820157e+01
-1.652585727684870065e+01
-1.652845440706660085e+01
-1.652824585034450067e+01
-1.652703157874359974e+01
-1.652740272406590094e+01
-1.652705857099149966e+01
-1.652770787479409975e+01
-1.652618792443140094e+01
-1.652796135396290111e+01
-1.652702612105609958e+01
-1.652771675235549864e+01
-1.652774231511610026e+01
-1.652723767607439953e+01
-1.652835512360909931e+01
-1.652721506642249949e+01
-1.653127634069809915e+01
-1.653022702120630072e+01
-1.652995838939180118e+01
-1.652914094038559867e+01
-1.652905202725520084e+01
-1.652897020158420105e+01
-1.652893648525610004e+01
-1.652926775979609886e+01
-1.652780538642240060e+01
-1.652784263477889937e+01
-1.652771416430420004e+01
-1.652927126391629997e+01
-1.652892515210109892e+01
-1.652702477311679985e+01
-1.652856364444300041e+01
-1.652895080693490115e+01
-1.652553080299179911e+01
-1.652977871947049948e+01
-1.652966763552310070e+01
-1.652999883744989873e+01
-1.652945250562790136e+01
-1.653011928819369913e+01
-1.652742089704739925e+01
-1.652822767228990131e+01
-1.652934929048069890e+01
-1.652991223861739911e+01
-1.652875117536600058e+01
-1.652722566919889857e+01
-1.652822657411559959e+01
-1.652966934382590125e+01
-1.652968265447839968e+01
-1.652666066901160136e+01
-1.652826669604040077e+01
-1.652827294289859950e+01
-1.652931701334929926e+01
-1.652930772268549831e+01
-1.652948380157170050e+01
-1.653052731644969953e+01
-1.652934234595129936e+01
-1.652590165480729922e+01
-1.652688315353420023e+01
-1.652720317981350107e+01
-1.652768729448250085e+01
-1.652650042232989946e+01
-1.652746437726059980e+01
-1.652762267173860167e+01
-1.652678951456899981e+01
-1.652748356357150072e+01
-1.652719827732320113e+01
-1.652676372153720052e+01
-1.652768962762059957e+01
-1.652669469700489913e+01
-1.652569545347909852e+01
-1.652704342511610136e+01
-1.652897045142849919e+01
-1.652667015657339888e+01
-1.652561447425589947e+01
-1.652815117352799845e+01
-1.652870970616989865e+01
-1.653099022994139844e+01
-1.652919159859920128e+01
-1.652856610199589937e+01
-1.652870776273260134e+01
-1.653164429482369968e+01
-1.653084115954800026e+01
-1.652972812002300174e+01
-1.653201386381930149e+01
-1.653096414587869845e+01
-1.652967123233409907e+01
-1.653143515198080138e+01
-1.653146525380200060e+01
-1.653036373455960018e+01
-1.652982646944190037e+01
-1.652971533787700054e+01
-1.652889849093320151e+01
-1.652824350256179997e+01
-1.652997648380889828e+01
-1.652987301406150067e+01
-1.653139969031920131e+01
-1.652901754024189884e+01
-1.652915613923860150e+01
-1.652826544627809824e+01
-1.652869037396390084e+01
-1.652965297133269829e+01
-1.652912411594779840e+01
-1.652811510831130093e+01
-1.652824814258559982e+01
-1.652942563363439987e+01
-1.652881232873690109e+01
-1.652788502484730060e+01
-1.652859183352200034e+01
-1.653021053387350037e+01
-1.653001453289159883e+01
-1.652798537284660085e+01
-1.652899107174960136e+01
-1.652891244980609997e+01
-1.652813196622360081e+01
-1.652911837825909913e+01
-1.652964624892469914e+01
