3.895189978627879857e-01
3.241915572136299661e-01
3.594870089649029876e-01
3.297816250542590089e-01
4.802743431560589915e-01
2.684741359477779699e-01
2.997100407225570251e-01
2.760657745255369888e-01
4.118523245290159895e-01
3.999757428874449738e-01
4.552820643398640121e-01
1.513007654010899983e-01
1.551479597825599910e-01
2.195538517882159868e-01
2.081644805536199960e-01
2.073715139033009969e-01
2.080156830645960020e-01
2.014861173635769942e-01
2.041616683470990068e-01
2.184384106557059890e-01
2.008098390393099897e-01
2.075237652813370082e-01
2.113152016546329948e-01
4.110743758493909938e-01
1.321644619098229778e-01
1.596126343665419944e-01
1.806515247819369951e-01
3.738810012587480136e-01
3.608900161516009897e-01
3.813695990359580179e-01
3.659482147054939905e-01
3.640556341674119900e-01
3.232718043360789939e-01
3.992454555748510270e-01
3.875990881298990165e-01
7.909953047158080341e-01
3.631587857251550311e-01
3.724365790910200147e-01
5.935375756113949741e-01
3.485432805035779680e-01
4.917429060666149709e-01
3.382879290779139958e-01
3.229190911837860334e-01
3.516803275442590415e-01
3.392159297716690336e-01
3.348452760145450013e-01
2.957179070886989947e-01
1.279476730527030204e-01
2.611145837509589729e-01
2.722629687603300153e-01
2.776481817040980515e-01
2.866710941847970262e-01
2.770760555792730062e-01
2.567325488210099871e-01
2.557409881243700167e-01
2.674840011891730374e-01
2.621425535872280443e-01
2.605205827162939691e-01
3.057087925942300055e-01
2.652180813862669573e-01
2.678048629638690170e-01
2.804257146321950112e-01
2.717480849571939916e-01
2.825123750664649824e-01
2.653507676581810526e-01
2.914612593923719963e-01
2.731407083838160443e-01
3.420247062870889754e-01
3.035143900715540077e-01
3.322842389345880276e-01
3.038966684353109904e-01
2.868380127135199964e-01
2.917111714617690033e-01
3.085850396463019618e-01
3.183930847563710143e-01
3.257360114841669763e-01
3.070213758817750271e-01
3.056471300855740370e-01
3.104571494842470192e-01
2.895593185207860354e-01
2.745756001657659873e-01
2.974168604446160158e-01
2.725864546111979592e-01
2.916292959418579911e-01
2.829975762115140014e-01
2.949185763419400197e-01
2.873703187628000033e-01
2.767039453762260015e-01
2.815368017242559917e-01
2.903105343741489985e-01
2.989904562712190073e-01
2.955863227456740350e-01
3.181251260252669910e-01
3.304657743045409934e-01
2.697130479604580300e-01
2.677668132889460262e-01
2.887032101549510399e-01
2.853673424088780108e-01
2.734845633875079840e-01
2.758944313157870032e-01
2.735357167524329891e-01
2.696049618621070287e-01
2.643364702788609799e-01
2.669241083970859685e-01
2.746535030468550409e-01
3.074469013849600030e-01
2.909983219163919665e-01
2.994058985361420233e-01
3.021235433654689828e-01
3.508512018023309809e-01
3.209678987023459884e-01
3.096444043100189947e-01
3.097176430611839892e-01
2.718135150611669659e-01
2.828781497799219835e-01
2.844301145580889756e-01
2.673409735153640110e-01
2.819407905055030250e-01
2.767366666856300172e-01
2.583284206825079976e-01
2.596240472036260294e-01
2.594177750200510335e-01
2.672867476826020217e-01
2.601857296410700071e-01
2.595063711777180204e-01
2.660490143006969954e-01
2.619047947678739829e-01
2.724335695745940256e-01
2.690484356815250333e-01
2.548239560083259692e-01
2.578870133819940458e-01
2.620153183235719996e-01
2.817471882145610174e-01
2.491470144257540154e-01
2.560932941680740260e-01
2.594901492264229947e-01
2.642446102178329648e-01
2.792479152741350057e-01
2.959676654698899512e-01
2.856202148773639982e-01
2.922706828685210367e-01
2.931225302456090254e-01
2.722739011715650248e-01
2.937300340192599557e-01
2.718102281697700184e-01
2.994022455872930033e-01
2.762254513916940213e-01
2.801134731518120091e-01
2.691454568955539695e-01
2.700549713792639861e-01
2.606904536509059844e-01
2.661113300528710202e-01
2.670989838622870316e-01
2.676980669638679977e-01
2.737881790094799928e-01
2.786867719013499944e-01
2.851872277740109540e-01
2.872104801778589955e-01
2.775822821439429822e-01
2.660901909611669836e-01
2.695852203363610089e-01
2.894135003987849952e-01
2.850698181752980287e-01
2.838669053218289551e-01
2.950543220205409933e-01
2.741959907304900024e-01
2.752972187420850148e-01
2.957205359976479708e-01
3.034446595193590057e-01
2.803238242239819988e-01
2.987488691695719956e-01
2.824285697581940258e-01
2.981174317726009715e-01
2.745423685782519829e-01
2.754950399494000002e-01
2.503605727293899963e-01
2.503985549467769856e-01
2.500826892245069932e-01
2.458289376474690202e-01
2.546334853684659727e-01
2.630294555989429739e-01
2.563006324195000185e-01
2.548750086740759757e-01
2.530537431640279555e-01
2.449447530034609966e-01
2.630697211937410018e-01
2.505990044795620153e-01
2.677374686190860387e-01
2.687903935847039683e-01
2.715275707250039972e-01
2.929471035920249711e-01
3.021133258722319970e-01
3.059986781875890238e-01
2.747935304334460094e-01
2.882490233164389792e-01
2.780115021155000199e-01
2.742973560075500083e-01
3.001119171254240103e-01
2.828842507306379983e-01
2.550090889875110123e-01
2.683782839797450026e-01
2.711913287159329888e-01
2.497488936046109720e-01
2.538764222540950133e-01
2.447649840589430081e-01
2.636591723397649911e-01
2.435655834446850132e-01
2.594044895689620045e-01
2.426652845344990095e-01
2.682143979286109592e-01
2.528678002188330387e-01
2.476222829954349836e-01
2.538251174006820321e-01
2.528221082935979691e-01
2.589737351567930057e-01
2.540812107487280258e-01
2.416040718448949909e-01
2.506893870640499733e-01
2.491568505081970253e-01
2.432698815785000190e-01
2.369496481174289959e-01
2.405033839433930176e-01
2.440556449966959918e-01
2.526678379459529888e-01
2.426508990735389837e-01
2.365300898012590025e-01
2.399215698809989972e-01
4.465858448458500107e-01
3.820391648075970314e-01
4.542696226317030073e-01
3.913672110864810372e-01
4.240701042296179946e-01
4.002647888005580468e-01
3.844452981148329673e-01
3.560602281609820396e-01
3.553076800701830407e-01
3.526351961701720272e-01
3.627044781173009991e-01
3.729879632743419715e-01
3.468197071320149871e-01
3.621405058008260180e-01
3.613424414101960025e-01
3.783118925622390161e-01
3.345526852342919910e-01
3.641705326069269999e-01
3.533970197740670116e-01
3.671799668226850000e-01
3.300350945798289914e-01
3.688149829648560418e-01
3.536956068207489645e-01
3.676279488055039790e-01
3.439584249938869576e-01
3.416796354312119921e-01
3.337581760117250274e-01
3.455625804169109583e-01
3.676081471089879815e-01
3.356534680322250108e-01
3.690916797719310249e-01
3.896002469114739908e-01
3.609995480329750150e-01
3.153429157058489918e-01
1.641136538704270065e-01
3.519610765644820005e-01
2.994822109837090296e-01
2.835723607971449844e-01
3.118995481477069842e-01
3.168525810088270167e-01
3.141077576734410126e-01
3.500195953028210072e-01
3.140858607024420435e-01
3.241355661579049530e-01
3.221229200009800286e-01
3.222050517393149627e-01
3.110440377340429885e-01
3.129773303020129682e-01
3.145802803316419816e-01
3.093642680565680259e-01
3.356040708918549553e-01
3.068739480171990275e-01
3.129295212621610034e-01
2.839680356695799546e-01
3.089481641782310106e-01
2.950306972102719749e-01
2.886493329534770003e-01
2.828653014911099994e-01
2.859701888878479759e-01
2.811699948378630354e-01
2.827444722787510467e-01
2.970186032467119763e-01
2.925478498163199825e-01
2.814050873158000510e-01
2.896425137414599948e-01
2.879843740021509890e-01
2.908644721165419833e-01
2.915033742766849900e-01
2.893819289708000064e-01
2.919268770190849849e-01
2.773230713410529957e-01
2.856338710194890051e-01
2.970666938452980466e-01
3.330915630812170125e-01
3.017578976179920436e-01
3.226625894203890010e-01
2.851168065150350150e-01
2.892842902793970050e-01
2.801348595023669952e-01
2.953351890944949654e-01
2.994850547134410013e-01
2.856587955532740031e-01
2.851032298992289826e-01
2.870944958095909549e-01
2.970206757616950521e-01
3.055873940274380085e-01
2.987326131108180016e-01
2.985751814573200380e-01
2.979176651243249929e-01
3.040505965087780260e-01
3.064631408749060038e-01
2.946802748809460026e-01
2.936750798146030017e-01
3.123757363588179903e-01
2.963281085152869587e-01
2.868751571433100223e-01
2.874823566775129846e-01
2.935209825739389933e-01
2.909757072787529930e-01
2.806243464348570082e-01
2.851881631389140415e-01
2.857060565900019777e-01
2.732802263814170241e-01
2.743256309445189500e-01
2.829810347488730393e-01
2.773996203327950272e-01
2.917147255308080167e-01
2.857564060108379600e-01
2.643817874468329943e-01
2.694849419267079660e-01
2.893534416595959780e-01
2.845679380813639914e-01
2.771910400449419942e-01
2.682678784495349800e-01
2.779662991668619965e-01
2.564078952290149704e-01
2.606275836454639561e-01
2.552773697987820167e-01
2.644771257442939949e-01
2.720155661108380474e-01
2.688497844610069909e-01
2.806000743791990382e-01
2.701231770707550051e-01
2.825408604269319945e-01
2.646932925578349693e-01
2.564325720230989925e-01
2.688706191758790109e-01
2.585408751917879777e-01
2.599938053056700116e-01
2.770448046806309739e-01
2.808784855773430178e-01
3.104150997239600307e-01
3.293436185638770053e-01
3.082344448469899745e-01
3.222403960432860259e-01
3.251474944585350246e-01
3.296489069039230113e-01
3.480505454038489987e-01
3.466730463263579809e-01
3.165802749414179940e-01
3.150332154569199794e-01
3.098522001968319617e-01
3.063342703564849723e-01
2.871942785256439978e-01
2.912736632274249837e-01
2.671256776104899977e-01
2.743377454221060385e-01
2.761337066511169724e-01
2.639928313597380005e-01
2.732479510968529590e-01
2.616071354713980224e-01
2.629232551286510011e-01
2.702309877129470128e-01
2.525218175056780368e-01
2.644729113226150230e-01
2.508939830269329985e-01
2.580689282115369854e-01
2.585022619612969974e-01
2.691198390127249596e-01
2.584657361947700349e-01
2.721148680898540229e-01
2.627602133732500067e-01
2.606407292387309949e-01
2.710138707843490202e-01
2.624039272980819848e-01
2.680337030937869902e-01
2.668595602244330234e-01
2.706560256328700009e-01
2.639579513825049961e-01
2.646669034634989703e-01
2.634925895205519897e-01
2.570736626533460245e-01
2.626149231201220235e-01
2.563393406208679948e-01
2.707137102282359820e-01
2.717887843101420287e-01
2.691194423544970293e-01
2.680515474694080136e-01
2.691530681564419658e-01
2.676828345012600141e-01
2.531229445444280191e-01
2.508431822817580037e-01
2.572536245905729935e-01
2.582143083870570011e-01
2.601654036549299609e-01
2.536379765001799957e-01
2.571730828086880027e-01
2.619643833755309625e-01
2.575712374134410121e-01
2.628404664343690356e-01
2.632812100547020084e-01
2.560576601166160149e-01
2.599996696677080443e-01
2.606804039356149794e-01
2.683653125309320431e-01
2.509021978903009931e-01
2.551144638091299988e-01
2.650569774897950093e-01
2.548877974944070424e-01
2.538804935504609950e-01
1.877933823540570146e-01
1.663460835523020154e-01
1.707250853620370101e-01
6.918138628344440155e-01
2.647529075021680112e-01
6.887507307309240767e-01
2.687755214970150019e-01
2.662821957967609898e-01
2.650747784803360041e-01
2.682816767405910019e-01
2.567905305380719927e-01
3.173595527264360117e-01
3.273398798017709832e-01
3.285639945441429788e-01
3.124737373309459665e-01
3.133084043521979778e-01
3.148476761964589810e-01
3.012163813313289973e-01
3.149776417524050021e-01
3.140522398867069964e-01
3.131422658596850206e-01
2.911340989656699962e-01
2.970797929969419826e-01
2.880129741257159703e-01
2.756470836077500319e-01
2.841931822685569986e-01
2.787664401973939943e-01
2.826369462514219943e-01
2.788946649159900204e-01
2.797128702562309832e-01
2.720520886258739890e-01
2.940198250124820278e-01
2.851326621058519750e-01
2.782800370847380300e-01
2.933341742608109870e-01
2.954546922938650066e-01
3.039899290058389880e-01
3.008860662514959983e-01
2.956247484245499990e-01
2.962378182985500041e-01
2.959021157906879806e-01
3.432966076540509559e-01
3.841188243008730185e-01
3.935822039243619952e-01
3.800582222431480028e-01
4.216171463638500039e-01
4.006123297936349803e-01
3.842339307922890135e-01
3.900613950620830384e-01
3.827134390103619777e-01
3.655052606135710258e-01
2.393948437624849879e-01
2.345256405477890160e-01
2.325947590232489981e-01
2.279549596269450085e-01
2.340695958416649791e-01
2.171472877426710024e-01
2.028050451357050199e-01
2.085870161085719987e-01
2.039520037944289876e-01
2.116418441996109900e-01
1.782031205892350145e-01
1.771172273088700011e-01
1.774231015668119860e-01
1.770745218422579981e-01
1.763310174479360004e-01
1.734874671725910034e-01
1.724002772358829982e-01
1.791845647644010053e-01
1.783360448761530104e-01
1.882286648393819983e-01
1.842150738231880247e-01
1.829621613778940059e-01
1.860865692721860032e-01
1.835564381351110219e-01
1.899919888724909967e-01
1.814268110234679987e-01
1.915276985624110029e-01
1.823041567221179993e-01
1.862406709474780098e-01
1.751846056638689808e-01
2.986531589930300212e-01
3.215890004464059815e-01
3.047158649267920350e-01
3.128826667854580079e-01
2.836396587261060254e-01
2.953884650049379834e-01
2.713357963644179582e-01
3.202712419533900179e-01
3.029791019865479829e-01
3.092437726419929866e-01
3.040584430127160065e-01
3.978418412359590040e-01
3.932276215907030137e-01
3.884657313904909537e-01
3.894808925608500005e-01
9.559094141932239497e-01
3.845441447248549860e-01
4.097439289483070235e-01
5.397376747132649477e-01
5.819174126088160204e-01
3.439366830120419993e-01
3.480213334398479796e-01
3.351033824556780005e-01
5.702214819791640021e-01
4.712769099547519658e-01
4.573393804050560063e-01
5.112574055305750820e-01
3.702658802928439630e-01
4.888710672998879958e-01
2.313275654374470081e-01
2.345962685977479867e-01
2.311503777212880195e-01
2.276917415298579939e-01
2.433607341512409872e-01
2.643626867777900125e-01
2.581320611979039947e-01
2.640468177325119847e-01
2.786785540279320128e-01
2.766005696453279761e-01
2.468012586175210021e-01
2.537778637423320216e-01
2.488534584035910213e-01
2.453924197275610120e-01
2.567915197717930420e-01
2.747758444664230026e-01
2.722806412599999559e-01
2.852015591372019654e-01
2.949692215730340128e-01
3.016701849405400426e-01
2.959890351863869729e-01
2.828993935092379841e-01
2.819934731724699772e-01
2.954180946582090073e-01
2.874665805888259595e-01
3.121546382823309762e-01
3.282330433260479685e-01
3.297545632979249630e-01
3.230285565521079927e-01
3.408936975844619743e-01
3.554711998687480334e-01
3.320161306937600143e-01
3.358370062201120332e-01
3.435717384296119725e-01
4.091897295952620084e-01
3.799188969064730137e-01
3.960811211481599647e-01
4.087912266954519813e-01
3.904385404297219808e-01
3.979039971325870062e-01
3.960934899585910052e-01
4.082287040577600168e-01
4.037536388265470233e-01
4.386430774972809865e-01
4.222057584409300013e-01
1.094554653597969995e+00
1.234904477282779967e+00
1.899616984812279918e+00
1.668329154700399997e+00
1.623621151739200075e+00
9.999471980558830575e-01
4.271103139281639538e-01
4.472828698213520138e-01
4.160856328958589812e-01
4.281896702150140288e-01
4.455068970200439793e-01
4.063029091003140247e-01
4.504354249658700238e-01
3.663353218968159464e-01
3.736870524950979822e-01
3.344672929333630251e-01
3.405418594575039815e-01
3.485566937501259899e-01
3.719046480956180178e-01
4.360779518539990018e-01
4.053195031983919949e-01
4.168969168413799720e-01
4.569312654443090094e-01
4.326276292893090347e-01
3.908323948987429963e-01
4.431119895663139796e-01
3.798829896937520045e-01
3.762034032311569742e-01
4.297988691771430503e-01
4.326085136740099868e-01
4.534502977534909940e-01
4.222790035785570217e-01
4.366766208584200171e-01
4.545258392278380133e-01
4.485621943169860182e-01
5.238452414682770453e-01
3.882788006712020179e-01
3.992093003910680005e-01
4.050739291291690081e-01
3.853372404932570161e-01
3.955910189943649957e-01
4.032684227775069630e-01
4.180487333746789602e-01
3.807477727726830130e-01
3.847320425815720091e-01
3.711905931274089854e-01
3.865512146780989977e-01
3.929355212045199663e-01
4.586065314001799842e-01
3.753761168756150068e-01
3.549130595086399942e-01
3.741955473729189907e-01
3.617910186347680357e-01
3.753353870559830163e-01
5.241627912265499623e-01
4.645021586229039490e-01
4.641776207605829985e-01
3.816030958522489969e-01
3.775267342471259613e-01
4.248766479620230130e-01
3.658118347700849982e-01
3.700779898688350000e-01
4.062581329614579628e-01
6.571748336020040160e-01
6.756510781189909443e-01
7.855321257511610478e-01
6.799343502024450814e-01
7.280435657539039429e-01
1.189958450840570059e+00
3.209549575546949973e-01
3.012303497262039942e-01
3.105330817962139722e-01
3.084423077982860195e-01
2.958951801286280325e-01
2.918519537169260158e-01
2.727386273293360142e-01
2.831209283874109861e-01
2.679016588193650072e-01
2.704508433648309951e-01
2.653511943274790008e-01
2.745843877080960116e-01
2.636880094595439594e-01
2.551750900576690295e-01
2.681276157791480097e-01
2.543082170391550156e-01
2.550881170255940300e-01
2.496131025947120052e-01
2.658543086210140016e-01
2.485502384091139993e-01
2.596335926674619987e-01
2.507641375931370376e-01
2.607882542340219656e-01
2.763017590287730196e-01
2.774845225074599742e-01
2.712785494733669922e-01
2.719335933645010139e-01
2.460302755546689701e-01
2.568571933165679777e-01
2.376627662257600193e-01
2.499277122608349888e-01
2.418357785178369967e-01
2.680521976981970478e-01
2.445677652362269749e-01
2.409300658519999971e-01
2.456858678901499837e-01
2.437138508498579992e-01
2.427604870858079966e-01
2.411351046903330020e-01
2.505150823878199984e-01
2.383892591127489968e-01
2.505938576261980133e-01
2.442612053537109862e-01
2.633846529886859633e-01
2.500855231772700082e-01
2.487987653477880257e-01
2.478202683795410199e-01
2.678688557573459805e-01
2.557301672618499944e-01
2.654595337607759675e-01
2.487533958665099909e-01
2.698710985131809736e-01
2.553267643605769965e-01
2.589286289070469871e-01
2.454661439463339812e-01
2.437978500258430048e-01
2.615604782661110073e-01
2.668698098186930157e-01
2.731363926344579918e-01
2.543448823701809913e-01
2.619343685345790207e-01
2.781189156256950179e-01
2.787937341799300306e-01
2.921031466886440109e-01
2.600838217017820142e-01
2.629004009206710180e-01
2.720782099724349812e-01
2.662880479606959949e-01
2.724672213503930296e-01
3.440547889977329521e-01
3.112226441091810458e-01
2.925849558865160072e-01
3.006714298732269808e-01
3.005042585023099955e-01
2.950970741319369761e-01
3.027995969432279999e-01
3.159996035785140323e-01
3.354752722964249867e-01
3.155878941604789989e-01
3.275027927021669782e-01
3.025888775601680014e-01
3.069472244408970041e-01
2.852521417722669872e-01
2.826162783615429608e-01
3.113424087843569832e-01
2.893853365610229988e-01
2.836785727576949800e-01
3.085374969168550030e-01
3.112172534548690028e-01
2.928595039828479907e-01
3.052460900926740051e-01
2.972828686512689611e-01
3.116214090228059952e-01
3.395308844207740040e-01
3.607981948745049849e-01
4.023125984265980004e-01
4.368385333011470251e-01
4.227269096015740524e-01
3.880139657327960068e-01
4.276447308062200081e-01
3.617744927678139821e-01
3.509176246708909930e-01
3.927013472160749696e-01
3.362578047367050238e-01
3.913995497609389917e-01
3.608652670017369890e-01
3.156857704445080182e-01
3.210120674399840057e-01
3.349118114420839842e-01
2.908228399252609786e-01
2.746729935289740077e-01
2.929468436199649806e-01
2.854304172285739849e-01
5.074130349049610356e-01
4.247115302311620377e-01
6.806288195263179297e-01
6.159083959813319575e-01
2.008983452927740054e-01
2.057786041309579983e-01
2.341920258247759956e-01
3.161732642083289746e-01
3.190465385640209872e-01
2.830138745761380248e-01
2.765619960686199752e-01
3.055710994590500329e-01
3.541452627440789813e-01
3.621174089256460338e-01
2.787085006009139554e-01
2.630524635934269884e-01
2.646721612928649714e-01
2.388385026625850227e-01
2.312501820474719971e-01
2.362788992054760118e-01
2.150997730574809863e-01
2.253782352551290113e-01
2.164293683800380119e-01
2.068355846315569901e-01
2.127163289197600005e-01
2.131324370874669860e-01
2.157571598243279987e-01
2.160806971068590099e-01
2.082769508010720028e-01
2.072300127221780031e-01
2.146862689888029974e-01
2.091711487977109818e-01
2.213053134623149953e-01
2.036471325537300148e-01
2.050094127807270128e-01
2.162877950004800098e-01
2.117846240829659998e-01
2.092937196163389968e-01
2.358822500575699921e-01
2.211334240067900081e-01
5.390421234588900212e-01
5.236356374448299933e-01
5.214456535189510022e-01
5.104031250604230685e-01
5.221883350005389612e-01
5.459385496117740155e-01
5.147173212682200072e-01
5.836795858640980716e-01
5.742225479976119651e-01
5.544683933359669803e-01
5.214447961057699921e-01
5.724548790434930146e-01
5.438985113164940266e-01
5.796728840550230410e-01
5.345930759941179833e-01
5.450269531738840545e-01
5.662099621347079781e-01
6.743628231096779890e-01
6.025209956056839511e-01
7.290325696956500012e-01
6.331294552388659902e-01
6.313202960378190287e-01
6.502110994021780277e-01
5.454254714050610353e-01
5.796214765630329779e-01
5.913453281951809304e-01
5.811922548037570246e-01
5.852872764988780174e-01
6.389029690374500303e-01
5.777638813351529956e-01
6.721679798526759564e-01
5.467016593431840432e-01
5.655007693998189700e-01
6.052018361676020364e-01
6.179074277363540979e-01
5.821565979789999901e-01
5.767176731670149437e-01
5.629828110498160676e-01
5.747887516413160425e-01
5.372150698984110573e-01
3.887173289966289746e-01
3.952932327051660311e-01
4.073822350210540288e-01
4.114584718757650084e-01
4.391734164632590254e-01
4.428397356509979899e-01
5.953362469434200221e-01
6.414506828281829609e-01
8.272942000383849415e-01
7.249759248300680081e-01
8.090288442038280348e-01
9.455450042708650749e-01
8.620131626918919876e-01
9.696801137480849375e-01
8.931738470456509482e-01
1.070527007712219980e+00
9.881677752685530391e-01
9.195522112945400117e-01
1.066391494333900125e+00
1.012694435233669976e+00
1.092791997398320003e+00
9.443477538091419321e-01
1.031487816763150045e+00
8.346054563051878983e-01
9.495696845877129588e-01
9.663401043554959990e-01
1.102141463620700090e+00
9.831587660347009816e-01
9.079950280755029191e-01
1.090998381956679975e+00
8.600508865623580634e-01
9.074501924896329896e-01
9.768792169710920348e-01
1.073718091302789945e+00
8.731345265225859409e-01
1.004789907838749885e+00
1.485078337169819962e+00
1.226995219753769906e+00
9.140348464519729710e-01
8.531484227527039721e-01
9.678337323300989503e-01
8.942579019847829436e-01
9.808775453337660322e-01
8.566613157481629548e-01
1.046877965914210007e+00
9.669262135664410396e-01
1.504423679771690114e+00
1.297860278000660061e+00
9.690942078735459431e-01
8.382724431500339080e-01
8.642941207789450742e-01
1.011486788719889951e+00
4.982530002940869784e-01
3.876836347411910522e-01
4.877275716873910039e-01
4.088287074883760197e-01
1.789811644941039948e+00
4.967640769305759485e-01
4.568007728881600116e-01
4.664108467267669700e-01
4.812372355559250137e-01
4.282966917957929942e-01
4.359752612864800092e-01
4.236153408007299892e-01
5.012526248606459234e-01
4.254533251577710118e-01
4.478708983952950362e-01
4.055579843664249839e-01
4.366096947859670063e-01
2.189770336730479938e-01
2.237032707566650180e-01
2.194233230323650030e-01
2.125070333245539789e-01
2.164508962633189815e-01
2.165837989123770013e-01
2.186473382788870212e-01
2.219860596022749932e-01
2.154222474452459901e-01
2.138991766738410072e-01
2.092323157751139751e-01
3.050410383144480098e-01
3.173595370735119992e-01
3.315139569467209779e-01
3.150622182564870033e-01
3.266056284943679722e-01
3.256820411905209656e-01
4.218457523564900224e-01
3.967706570800250132e-01
4.410034235997150054e-01
5.371227048688650418e-01
3.804065498801070255e-01
3.514716120333050142e-01
3.434892879155519996e-01
3.356741326234499723e-01
4.089825825985950458e-01
4.199597520166910014e-01
4.048428980486259987e-01
3.976926258092340349e-01
4.204905757315829939e-01
4.154521631103759716e-01
3.843821422111550201e-01
3.877015952310189917e-01
3.597739574204770197e-01
3.787008908000060181e-01
3.783030984134440056e-01
3.862173331035350099e-01
1.829250786995860190e-01
1.833124157670300014e-01
1.983185463264429960e-01
1.783076898205150085e-01
1.760093285965339815e-01
1.729669680769160001e-01
1.745802285181300151e-01
1.736310559210769988e-01
1.738897208324290122e-01
1.727024366361170071e-01
1.751394136653979805e-01
1.703396443183899933e-01
1.738395680847610036e-01
1.736345188757540126e-01
1.718378593070790106e-01
1.722918926361970138e-01
1.697171744566680074e-01
1.718059030572330059e-01
1.445169418377439952e-01
2.094270979118450227e-01
2.295772198869590053e-01
2.254121141097590042e-01
2.073210487118190004e-01
2.128608201137309752e-01
2.066552949049479948e-01
2.182161186757640148e-01
2.047023646075980252e-01
2.166270288240310093e-01
2.161682574920069932e-01
2.067148038558860035e-01
2.074025372513139953e-01
2.015723916291750073e-01
2.067978656193429909e-01
2.017249288707569921e-01
2.176547498829190241e-01
2.155512290953019994e-01
2.184848630990220142e-01
2.056610752809940046e-01
2.075792153217039804e-01
2.492469230675390113e-01
2.448917199496690178e-01
2.615419640441809523e-01
2.591275737863339979e-01
2.471127952289040031e-01
2.492128987074079816e-01
2.559277680374509867e-01
2.636635873164620003e-01
2.617548368311140017e-01
2.562051365840339878e-01
2.652214777172600124e-01
2.536300192736409831e-01
2.582426354497879828e-01
2.661831698720359962e-01
2.480176886645139855e-01
2.538453163877489871e-01
2.440775658508320123e-01
2.366692828582989960e-01
2.550742948079909866e-01
2.629682794414699987e-01
2.013313678303899901e-01
1.991087685106960048e-01
1.974627248600659968e-01
1.947949058111569931e-01
2.019993265787849990e-01
1.919943196164899946e-01
1.857834348210390119e-01
1.727810448039640012e-01
1.949431353797370092e-01
1.864371313505880090e-01
1.952508994183619895e-01
1.995960943097599971e-01
2.081603203357750009e-01
2.099022925682100249e-01
2.005279647939079979e-01
2.091894429951769996e-01
2.130947578348819926e-01
2.096145322736580052e-01
1.694828273908779992e-01
1.600236915785339942e-01
1.711912480283860061e-01
1.642836442344300096e-01
1.661826319006469987e-01
1.689220555533970103e-01
1.718019758187979973e-01
1.793446816873460192e-01
1.828291161248950247e-01
1.566458786234260214e-01
1.616205499672210000e-01
1.580916992639230245e-01
1.544532401566990065e-01
1.746764863861290096e-01
2.511822585831840482e-01
3.327180350709689760e-01
2.099925061289799888e-01
2.007268160713529814e-01
2.115559561793100007e-01
2.114055286502459774e-01
2.160395934352420111e-01
2.061261094958270201e-01
1.897287348667689999e-01
1.668283208713470245e-01
1.765767178083630096e-01
1.976068990239600032e-01
1.867790251601660068e-01
1.784119182582660224e-01
1.771576217606569970e-01
1.797992208433870087e-01
1.991070077471029931e-01
2.259295523907129954e-01
2.204316745370979991e-01
2.340051586968600050e-01
2.241145705878770100e-01
2.146318370452460211e-01
2.151393429347220054e-01
2.145972124324339869e-01
2.144984859761590035e-01
2.166767675639129920e-01
2.254117989204370009e-01
2.191479659427519877e-01
2.174349015564320253e-01
2.241852064587239735e-01
2.205870701732520200e-01
2.242349084507430090e-01
1.341869228440890072e-01
1.515721789799460151e-01
1.936781961559580212e-01
1.806476250618340162e-01
1.815374013663190178e-01
1.773922689236170080e-01
1.755699605564179921e-01
1.755513970228529952e-01
1.677407624225419891e-01
1.740366680688180123e-01
1.729564585067570048e-01
1.901325524646819976e-01
1.762198901642919868e-01
1.726401072484430033e-01
1.732789521906299979e-01
3.455842100149290053e-01
3.016323711532710172e-01
3.089243990532630213e-01
2.994857450480000183e-01
3.042113740447469628e-01
3.198290279779190115e-01
3.034954109568849812e-01
3.132519297632579969e-01
3.598372473697200036e-01
3.775825821810869787e-01
3.730732905406359823e-01
3.723660553076140189e-01
4.111257902646079931e-01
3.901728030140649839e-01
3.713276075084919747e-01
3.827353105710690206e-01
1.697838877521469891e+00
9.487857399836829853e-01
5.691311668823380021e-01
3.828595820233660074e-01
6.332430377906419494e-01
8.548551493344029861e-01
4.181408333183669890e-01
6.803668414111240237e-01
2.396206098388690142e-01
2.380291129580280052e-01
2.470808024632260291e-01
2.536379745064279989e-01
2.452442417979969758e-01
2.492419091292490119e-01
2.588212128654439614e-01
2.651698436345750198e-01
2.576767411778829731e-01
2.435086343824260091e-01
2.737186258554679674e-01
2.689806758479529880e-01
2.464390263085790012e-01
2.285716108370089983e-01
2.213486648074940166e-01
2.297411757241160091e-01
2.402180123373240106e-01
2.234764820125779983e-01
2.324392756797150073e-01
2.284365408930879859e-01
2.210574510091279921e-01
2.244572003511660085e-01
2.333842066806869897e-01
2.247435427228000049e-01
2.302091209362150115e-01
2.202634875843759998e-01
2.267012906439120068e-01
2.181512998257640057e-01
2.089224868342030028e-01
2.113472219577610112e-01
2.267577579784640085e-01
2.188660892079119791e-01
2.267314795931290039e-01
2.297242075749989787e-01
2.285507847721950092e-01
2.278061669608490158e-01
2.225797954733799988e-01
2.329069785011210203e-01
2.206256342539029969e-01
1.630377187235839964e-01
1.592227786582999793e-01
1.675794311317120033e-01
1.763758452375510100e-01
1.776177208005549901e-01
1.657370791515840047e-01
2.990402666104080009e-01
2.863084054025140102e-01
2.732745377941209752e-01
2.980082361153739701e-01
2.258009313491189940e-01
2.301123024571440079e-01
2.191783697708720169e-01
2.123878519343750104e-01
2.087706731844769792e-01
2.332634839396680038e-01
2.592997131729030125e-01
2.450322405208009702e-01
2.265623872923430149e-01
2.230326744470439992e-01
2.149252138275909996e-01
8.722886650525140118e-01
7.617894194111879402e-01
8.403693223240669141e-01
9.225347636771999982e-01
5.461078979712139514e-01
5.456746489258529342e-01
5.194897574454689915e-01
5.019268579924989204e-01
3.408001828827589841e-01
3.303752848533740294e-01
3.668862266079260248e-01
4.572953484905359911e-01
2.212185634962690051e-01
2.639122783467839906e-01
2.381210614641069978e-01
2.381081745964639951e-01
2.409033211948579944e-01
2.810652272388700079e-01
2.786615635284860337e-01
2.675164085442660045e-01
1.646034868330439882e-01
2.272186661637999872e-01
2.220585312545900192e-01
2.171272860402329863e-01
2.285280562806319971e-01
2.255430444154289948e-01
2.371501918654770058e-01
2.432460535491720033e-01
2.263336972899940014e-01
2.358341255624250010e-01
2.433639600647619916e-01
2.258827120154709989e-01
2.231472579099139930e-01
2.246846584582040118e-01
2.269830842996350129e-01
2.260699867194810031e-01
2.282723780553050086e-01
2.333179355214749784e-01
2.442990871733079772e-01
2.373043412759450188e-01
2.251549645344499972e-01
2.411168570204050010e-01
2.371153257200709907e-01
2.339034411980050188e-01
2.404742942554950191e-01
2.485983542524340117e-01
2.502830411354839968e-01
2.443086545630049622e-01
2.371853859421179933e-01
2.483682539340320017e-01
2.421878027976989978e-01
2.771256952614319924e-01
2.717202697383560017e-01
2.530673847260740406e-01
2.562271303862659888e-01
2.483245724153929912e-01
2.792565741479349772e-01
2.821629911546049696e-01
2.867582936641669966e-01
2.920874984122370233e-01
2.891848292552749999e-01
2.790062572715029665e-01
2.689090009903109535e-01
2.662110217156550274e-01
2.582157862663619907e-01
2.671849842270739850e-01
2.679869571143370099e-01
2.711855476488559957e-01
2.702657482588040061e-01
2.651633290483090266e-01
2.586411467561449684e-01
2.644035250764659728e-01
2.546497576690749942e-01
2.643113022508640220e-01
2.610150111806610052e-01
2.519041484608369741e-01
2.583699965058340320e-01
2.675308161796829953e-01
2.622938640868259785e-01
2.475980688727539847e-01
2.422793374065009830e-01
2.516385588355850023e-01
2.196262579027049855e-01
2.383593401076490037e-01
2.497667194717479722e-01
2.382099961857740145e-01
2.574767300265930481e-01
2.492987875200009806e-01
2.398716182229030103e-01
2.340110632135909974e-01
2.297603184857079928e-01
2.307475903135420003e-01
2.618568681856769942e-01
2.261943738792140113e-01
2.332720812631689788e-01
2.336508211730880247e-01
2.384504569748309988e-01
2.270830727253259906e-01
2.399133333771610033e-01
2.226786759218040146e-01
2.488216215629810157e-01
2.387676750562700012e-01
2.895850919265680057e-01
2.639526827205110338e-01
2.432951737363949762e-01
2.303687198596530150e-01
2.482991700108150013e-01
2.185496279738249892e-01
2.488516932870730169e-01
2.778993849456049547e-01
3.023238652906889978e-01
2.847835765507349959e-01
3.001194634438620334e-01
2.964309497724910147e-01
3.216444529334829827e-01
2.871688294831090116e-01
4.220135251004270005e-01
4.513151773328720195e-01
4.258903965943420244e-01
4.437155538988349912e-01
4.500538978302450199e-01
4.472262703829339991e-01
5.261451723471179953e-01
4.454393451858389974e-01
4.442588950836030004e-01
4.366006341298469540e-01
5.025904401816450040e-01
4.846063694026169766e-01
4.511962735322860296e-01
4.735676663298920008e-01
5.261231389499549937e-01
4.618614900988459726e-01
4.998039179820159550e-01
4.534409179451740490e-01
4.544561815815820194e-01
4.894977858117670055e-01
3.700842617029500015e-01
4.161737709481179714e-01
4.052277269803719606e-01
4.140134126309830132e-01
3.978886965902099782e-01
4.255166626972060051e-01
4.053101535917690290e-01
3.993834571185619908e-01
3.823970504302219853e-01
3.974512149907249992e-01
4.099423155001170049e-01
4.488979878363100195e-01
4.520850306673260266e-01
4.146700742246389737e-01
4.241921599813650023e-01
4.475419656512960032e-01
4.092782649994030075e-01
4.083989642496569927e-01
3.888322407131359904e-01
4.049031576952439870e-01
4.069892438988260142e-01
3.429520395463440119e-01
3.184455974515599808e-01
3.236027806764170123e-01
3.458176327636909853e-01
3.470783176007289916e-01
3.054050172107959926e-01
3.405065543348489987e-01
3.384518592618140365e-01
3.026728620350879750e-01
3.275783717493129799e-01
3.087219662463360215e-01
3.447804911084039747e-01
3.082748507193820431e-01
3.251420797856680034e-01
3.266036485737059958e-01
2.939887226149259791e-01
3.367078128370389889e-01
3.141025047213010235e-01
3.651119896526210384e-01
2.923902976723239955e-01
2.957245206425369588e-01
2.955867264400859895e-01
2.687622608257120294e-01
2.675688650814089797e-01
2.686905279462790119e-01
2.757194634432559854e-01
2.793788633210160244e-01
2.856145073234869769e-01
2.741326012888899988e-01
3.111751365056120155e-01
2.956643913151280056e-01
2.864503870314890066e-01
2.864758401066360149e-01
3.047751711660829921e-01
3.265142456356089906e-01
2.961164278700569863e-01
2.804823855440959912e-01
2.676747581713210256e-01
2.758266802966929943e-01
3.405499556870140165e-01
3.344822724635280187e-01
3.258079576391360033e-01
3.639331455503829749e-01
3.352678999675259841e-01
3.110422491694049829e-01
3.053850748922879998e-01
3.026062370861580253e-01
3.045607685470250181e-01
3.086635271659909918e-01
2.981149964171360134e-01
2.969897997454959970e-01
2.919919146953149913e-01
2.840058735874389506e-01
3.034859488180089993e-01
3.065663507029010026e-01
2.891714082203399871e-01
2.876441108825670279e-01
2.834613654360669810e-01
2.885326289430610314e-01
3.806302653148030402e-01
3.621184926970039686e-01
3.769446804920459915e-01
3.616842881864110182e-01
3.859948450320079827e-01
3.849741060973690399e-01
3.839235381531019842e-01
4.035130048059589747e-01
4.056652715940169962e-01
4.016565801658449897e-01
4.036390303691249626e-01
4.319028656090729834e-01
4.037331910399630241e-01
4.359723662157140023e-01
4.656518658240569875e-01
4.206770820162999969e-01
4.262414604851219591e-01
4.770259720014479732e-01
4.525449480550149950e-01
4.434986507251420518e-01
5.024600136235269909e-01
6.238511790787900635e-01
5.731398040592520227e-01
5.240290720720860440e-01
5.280393179179260210e-01
4.429849930095179911e-01
5.311922792820750194e-01
4.797750111053620259e-01
5.306536432987281060e-01
9.220004155520649114e-01
5.056424194274710127e-01
5.044303012614810289e-01
5.606602161521390126e-01
5.594857416031480124e-01
7.314653855798369797e-01
6.268968609074109244e-01
6.083809645725860582e-01
6.577853776286930465e-01
5.929143600994689622e-01
5.415207979995659837e-01
3.995036988700290115e-01
4.131040752058759979e-01
3.746916635966460185e-01
3.894289517196219963e-01
4.051896941386739504e-01
4.448399596152770030e-01
4.196116288781820414e-01
3.937403152748469859e-01
4.076327129037589647e-01
3.985974126995669997e-01
4.044079355463919834e-01
3.944462357880450520e-01
4.036528666120860476e-01
4.065897275630639962e-01
3.971468766961830377e-01
3.705578705019919594e-01
3.805544855164519902e-01
3.866093572886130092e-01
4.183702348060260312e-01
4.003009987199520059e-01
3.901462568962960065e-01
3.466220645581989945e-01
3.781560548407230105e-01
3.463791485567029871e-01
3.375356511727259923e-01
3.306699593263049963e-01
3.414894331649570014e-01
3.548299079146020052e-01
3.474785951956460006e-01
3.523282474544039977e-01
3.504350948449799774e-01
3.590614518491800355e-01
3.780106763328339725e-01
3.817829844590969746e-01
3.609469641915019622e-01
3.761865361704190280e-01
4.293632764539970226e-01
4.082926939077400341e-01
4.226945150283009656e-01
4.561864607128660043e-01
5.201600880743260102e-01
5.342874438198910170e-01
4.702588499184839899e-01
4.478730278639770357e-01
5.181176233706429324e-01
5.669397254336050462e-01
5.130496646821141038e-01
4.389238379300899884e-01
4.540401026202720014e-01
4.410216896054380276e-01
4.665402768190379801e-01
4.269156370245619780e-01
4.281633534425170473e-01
4.543585370054689654e-01
4.543474247547349965e-01
4.878239381770869687e-01
4.996491663222579760e-01
6.326539610920109968e-01
5.933426390565619268e-01
5.102204266502379237e-01
3.618406835146389944e-01
3.570424727609969873e-01
3.427668835639249845e-01
3.323256691696619969e-01
3.420809648345760068e-01
3.516426240891699639e-01
3.498068478533720160e-01
3.620577279576909779e-01
3.694439211317299687e-01
3.752769711174829825e-01
3.521934329355380089e-01
3.595570759175970021e-01
3.690611546295419765e-01
3.337938237794340068e-01
3.521550887806340069e-01
3.466747719436760189e-01
3.610339301809180057e-01
3.549126324786689990e-01
3.792117209607780426e-01
3.553984375139790375e-01
3.040135238790329653e-01
4.096971768327519747e-01
5.714813109703990035e-01
3.372433187725880077e-01
3.462174853780070061e-01
3.840040599830960022e-01
4.213866707146249890e-01
4.625780043505490213e-01
4.295914700031749911e-01
3.493543293330280131e-01
3.558902346911370085e-01
3.881848012464240161e-01
4.488863936602210392e-01
4.371372433767630183e-01
4.325856954645420083e-01
4.474870824233730393e-01
3.818468162196650417e-01
3.555111826845899770e-01
3.409318277683530130e-01
3.272724852594909861e-01
4.125737922624929666e-01
4.010892515135400238e-01
3.938361115932799694e-01
4.139151498763020132e-01
4.399144151227850075e-01
4.081421105935439941e-01
4.464050489249439813e-01
4.817706550615310501e-01
4.323762886870229916e-01
4.343347116922409712e-01
4.177889089885949980e-01
3.968145239622329901e-01
4.043256336950620256e-01
4.042555517441500101e-01
3.828082156156299987e-01
3.970242024345080334e-01
4.171582993458120003e-01
4.263579130775280168e-01
4.201785802185640240e-01
3.950833998973439787e-01
3.404075422820989627e-01
3.250243717334130311e-01
3.285441872789059969e-01
3.235007591816110306e-01
3.364655710503909880e-01
3.302375811928320304e-01
3.288408380813460097e-01
3.181000776851820033e-01
3.769797957461840099e-01
3.161678239027700399e-01
3.179842243446399652e-01
3.150574798691949674e-01
2.990332741901319813e-01
3.093757408447090351e-01
3.048167633477210092e-01
3.133670124918979671e-01
2.971858390356040269e-01
2.953778953746269975e-01
2.976625702502249671e-01
3.166245001110730151e-01
4.231039383271180121e-01
4.050419080127860005e-01
3.573214161972829706e-01
3.849337974511800042e-01
3.714436249505300158e-01
3.724651861870180158e-01
3.836762685285939889e-01
3.530412903305040206e-01
3.368151386015199589e-01
3.533821318293809965e-01
3.695510315298490278e-01
3.416792429466339875e-01
3.325293280541680163e-01
3.500733213026649970e-01
3.339848552407159721e-01
3.486146145905919536e-01
3.395425177057360133e-01
3.273606995953959875e-01
3.348520505947200077e-01
3.248729013206509975e-01
3.720639263871499680e-01
3.114079231107699797e-01
3.306597562732470075e-01
3.585146252383919485e-01
3.394330245820459946e-01
3.303156603787559820e-01
3.239893723969040074e-01
3.415900576233019681e-01
3.345651658567119768e-01
3.078366654278830161e-01
3.345324308275109959e-01
3.349115993283720005e-01
3.225376052036509900e-01
2.984642645670340100e-01
3.192811554309459843e-01
3.100343736294179919e-01
3.469325651281850442e-01
3.133963060714889948e-01
2.970822542699089741e-01
2.946031981372049802e-01
3.077836213926599673e-01
3.343483347344520240e-01
2.994466137184439991e-01
3.035959693903069745e-01
3.066560534761220147e-01
3.122463269316970158e-01
2.982397129881829700e-01
3.254884918454710174e-01
2.874748080676050033e-01
3.052974345613860274e-01
3.052606255991260342e-01
2.963969704734509825e-01
3.171304177760129739e-01
2.995937025926040387e-01
3.183954895411820196e-01
3.253615082845160433e-01
3.066428330575660111e-01
2.994135039149730115e-01
2.913389847142520139e-01
3.045646053218140081e-01
2.975280625467779938e-01
2.945545372170179643e-01
2.829011058173769855e-01
2.807549369621530344e-01
2.842593509463460233e-01
2.799554903469420042e-01
2.806486022477129860e-01
2.813962236327109956e-01
2.949883520820780203e-01
2.803630800661419675e-01
3.029905660547239643e-01
2.906349777383709920e-01
2.886025383355050322e-01
2.847150926321440068e-01
2.982575922472230356e-01
2.825999848507400047e-01
2.880304918237250322e-01
2.979006499875759828e-01
2.916622563140890412e-01
2.934416794797090056e-01
2.929482864892359872e-01
3.923921378583420383e-01
3.260615543013359874e-01
3.573532280192149857e-01
3.277204852970930227e-01
3.171862410580819636e-01
3.157979086593830087e-01
3.177308877373639651e-01
3.190743712346320038e-01
3.129494004460739998e-01
3.085592056154479734e-01
3.123562447897390015e-01
3.175042466709970257e-01
3.009533532917820220e-01
3.104450142614439967e-01
3.025400950635870334e-01
3.092301190672250288e-01
2.974297802292319992e-01
2.968668519433150244e-01
2.947589332714770083e-01
2.941882922766430042e-01
2.919894511999159836e-01
2.797510284681820059e-01
2.677347492941020146e-01
2.798043060848939834e-01
2.705968438454460223e-01
2.787031106028740046e-01
2.849242424762479797e-01
2.724832956423670072e-01
2.775722151415639938e-01
2.761501681110329898e-01
2.803253487395430121e-01
2.801907064554459703e-01
2.874128589226989661e-01
2.660275570994050098e-01
2.795488109497509810e-01
2.711082022512020240e-01
2.898236760022049885e-01
2.879576166882679700e-01
2.984055385604819643e-01
2.878042789951130165e-01
2.646735514481529661e-01
2.647127528922489925e-01
2.594362687125049693e-01
2.584312349757380001e-01
2.737081729453349488e-01
2.611215925508209579e-01
2.806734936817510406e-01
2.585551738875219718e-01
2.610328843015519706e-01
2.766919241141220231e-01
2.770184115239759937e-01
2.793338158743270405e-01
2.598695385637929678e-01
2.674394134845889948e-01
2.831882804892069672e-01
2.678591296583739956e-01
2.592649961697049976e-01
2.768130985396800026e-01
2.692843312206020245e-01
2.699656581666269872e-01
2.661065416902140268e-01
2.600934428482840066e-01
2.761841210223159870e-01
2.878486926672559898e-01
2.917420093852990393e-01
2.735636048715939794e-01
2.722713870611850329e-01
2.766955734707299830e-01
2.715861930208870456e-01
2.830218073282559921e-01
2.870282297973629770e-01
2.747702191220099954e-01
2.635799760423100380e-01
2.731593619471490153e-01
2.585549856643740152e-01
2.791602384621709732e-01
2.648370403796970196e-01
2.732648626038259865e-01
2.642224604047589964e-01
2.912044604792700109e-01
2.609926632102209654e-01
2.612036203906609733e-01
2.524197508382599597e-01
2.573171344900059831e-01
2.714998702387650398e-01
2.629643723987800108e-01
2.452434129411679986e-01
2.531077046661850405e-01
2.528855820280480060e-01
2.682519867480300246e-01
2.763300514568750033e-01
2.743978008009200220e-01
2.751196629881400013e-01
2.673640880184229851e-01
2.779361139291350313e-01
2.787669332058210214e-01
2.672769440292380172e-01
2.660492362650109799e-01
2.674762409479610192e-01
2.706803654410689930e-01
2.974662251197550122e-01
3.142959778712240415e-01
3.089960545965549921e-01
3.056990828220069734e-01
2.985823513741219792e-01
2.846163185829320152e-01
2.908584285719739704e-01
2.922041024954329935e-01
3.088119555253849846e-01
3.007799878943139826e-01
2.982811216351889949e-01
2.950529214281889523e-01
2.905670093525710151e-01
2.939276161857199976e-01
2.909158288969849737e-01
3.010319935646000311e-01
3.029768295691269708e-01
2.965179961396420261e-01
3.109382519583629989e-01
3.108661948127010022e-01
2.840952276953699895e-01
2.804009698342639911e-01
2.926358368893929862e-01
3.112288750536610360e-01
2.702566391586100347e-01
2.874115157612099902e-01
2.884592949711179966e-01
2.718835682164639778e-01
2.641142244095009972e-01
2.701671163033609879e-01
2.643361339626560391e-01
2.865289836666899959e-01
2.938456435872329742e-01
2.670664798421889530e-01
2.756052421566710375e-01
2.812415813811470211e-01
2.677930917743360228e-01
2.755082890448500299e-01
2.613150793352180257e-01
2.655916484068749917e-01
2.549399283025119978e-01
2.622436202288709883e-01
2.559814344719890111e-01
2.509048271188210055e-01
2.605117915579960308e-01
2.562848865229430118e-01
2.524411727386050019e-01
2.626606846021490305e-01
2.600050754761599747e-01
2.570277802601320105e-01
2.658832293883620079e-01
2.617910492879280127e-01
2.659117698342680081e-01
2.519687328557120298e-01
2.536282587763259988e-01
2.598054724430099993e-01
2.550494448090799837e-01
2.778143731177870057e-01
2.744878384374120350e-01
2.808152291584110061e-01
3.302495596625469876e-01
3.091595140175669720e-01
3.410147670679660181e-01
3.486133053148040006e-01
3.236704268842530152e-01
3.158267801684159770e-01
3.104844757942900046e-01
3.403933588057830306e-01
3.175144071144240243e-01
3.666926243080240178e-01
3.279605871657019778e-01
3.571064200998619875e-01
3.360121355798620368e-01
3.456224535503459871e-01
3.615284531010289903e-01
3.623064604068759742e-01
3.681144370671630139e-01
3.381348056449779982e-01
3.507659748089569929e-01
3.489953843592499827e-01
4.021408455007899896e-01
3.931135848326109961e-01
3.911848539401260316e-01
4.036774866702779740e-01
3.917417212466819953e-01
3.859794140655649630e-01
3.913569738126649877e-01
4.108404749744899997e-01
3.959986122339589909e-01
4.031046471701559830e-01
4.107621995474109999e-01
4.041628975933229673e-01
4.335463262659419725e-01
4.023422972890169924e-01
4.146190900803389812e-01
4.139923785340099971e-01
4.324294988205300005e-01
4.293523901831280409e-01
4.112215518587399865e-01
4.351220642497680147e-01
2.564079731045840194e-01
2.689902750279949961e-01
2.703272413810539621e-01
2.567195406913300171e-01
2.612627743766839927e-01
2.723640687803899896e-01
2.880396633131109829e-01
2.649326053336689690e-01
2.705706254154209844e-01
2.629719696782469862e-01
2.532577252229250009e-01
2.520007001045649897e-01
2.541179548993710013e-01
2.557404590579980264e-01
2.490415140120289805e-01
2.512745623581340015e-01
2.987529102463289954e-01
2.789125918954659666e-01
2.765506719861580143e-01
2.616772883563360241e-01
3.287982321594660196e-01
4.210520135350750426e-01
3.047370075005900181e-01
2.949761399270500184e-01
3.002449620353119797e-01
3.129074486954999679e-01
3.237329444783649812e-01
3.640082801160160475e-01
3.551728984257709887e-01
3.341693039784809915e-01
2.905090724389869927e-01
3.050035011020730269e-01
2.881262558799370099e-01
3.037957336462819846e-01
2.923713039650889800e-01
2.886415941511939476e-01
2.965720941024719837e-01
3.149495231973870046e-01
3.076505121024140088e-01
2.939910669960900114e-01
3.779563024788190062e-01
3.427098456720489850e-01
3.382975106440440083e-01
3.305045020030329961e-01
3.150450439415259929e-01
3.223131573328339994e-01
3.204397054650269805e-01
3.083483086059919942e-01
3.007899756116749757e-01
3.270856507352429832e-01
3.203739806365510367e-01
3.076685166258629756e-01
3.100843745898079762e-01
3.044136464228360262e-01
2.985725767817790088e-01
2.930616216353489900e-01
3.010436353510869689e-01
2.886583570957650391e-01
3.158770331016699795e-01
3.471662585206919949e-01
3.852260573540600141e-01
3.325888343439240002e-01
3.487225308283559699e-01
3.416145147114660330e-01
3.265620078404620208e-01
3.361957938635520282e-01
3.253348799595460195e-01
3.244917459514439773e-01
3.182305066130790006e-01
3.262528737839159865e-01
3.173303372231480179e-01
3.263946113429310181e-01
3.240031459776810396e-01
3.186558446548599655e-01
3.147444850443030240e-01
3.251683020295090265e-01
3.293358926481870230e-01
3.159275074410989870e-01
3.169672017161579980e-01
2.964616670192329884e-01
3.137572045305470070e-01
3.127819470742990160e-01
3.287957199518090068e-01
3.563883139505740205e-01
3.193870810370690316e-01
3.340889351006009478e-01
3.143900544606109682e-01
3.168365909749260023e-01
3.146596666540529830e-01
3.294362710871739930e-01
3.532503075942090009e-01
3.238415507600009846e-01
3.423919740915850052e-01
3.596940789435220109e-01
3.640653122995199942e-01
3.687579023136869916e-01
3.582515339611859750e-01
3.257792747501150332e-01
3.360580194673359888e-01
3.336130267131630078e-01
4.915081586843079720e-01
4.968875059814239492e-01
5.660203004700979923e-01
6.794366069415810339e-01
5.718148246124330480e-01
5.654597674054880896e-01
5.461991856458360273e-01
5.391106842210550143e-01
5.423556832145159934e-01
5.606847284388130070e-01
4.898662864918000293e-01
5.397618839514419786e-01
4.980576562464840151e-01
4.517387448109820292e-01
4.560370877048710025e-01
4.699142682052829811e-01
4.765726643586510325e-01
4.967576695181209478e-01
4.990105739505159566e-01
5.148752698472259803e-01
4.518490903988410246e-01
4.620894808469430126e-01
4.741534787880870017e-01
4.410025106800500305e-01
4.465893309578209958e-01
2.723659118508910404e-01
2.874570842665679637e-01
2.686698013040110244e-01
2.622370506184029670e-01
2.541908722307710256e-01
2.773307609314150102e-01
2.741519468062080245e-01
2.748340721262400033e-01
2.777171245670430055e-01
2.706798324792740185e-01
3.044067955012079718e-01
2.613963779476909943e-01
2.747832804764610004e-01
2.725314318667880209e-01
2.735662805644069606e-01
2.754209013686250151e-01
2.791223846512729811e-01
3.143586349156519688e-01
3.100675651856339976e-01
3.508772988672000381e-01
3.175297838788380123e-01
3.144312348200700158e-01
3.179802887644039844e-01
2.956288154028440252e-01
3.074736009716780294e-01
2.956801361043079890e-01
2.878335091957439640e-01
2.865608241183419946e-01
2.849127467239349620e-01
2.876395313689140143e-01
2.795142994638409872e-01
2.813008920461970153e-01
2.841090448372790012e-01
2.899358288040380094e-01
2.929922098299030386e-01
3.051809282186440098e-01
3.039897086328220421e-01
3.068337299441490362e-01
3.224142551449780125e-01
3.166878304247819909e-01
4.027452736770260056e-01
3.623490101302649924e-01
3.555570721490620145e-01
3.883463410115590153e-01
3.563175769807129800e-01
3.633859521613729826e-01
3.604172647924709927e-01
3.585098457541879835e-01
3.761484174092670218e-01
3.725093531080639897e-01
3.756657906866399665e-01
3.662573405866170195e-01
3.822955026908360088e-01
3.712142803131310287e-01
3.655185031947479901e-01
3.819154955817710140e-01
3.927215830795249829e-01
3.892612800887749747e-01
3.782989459382050113e-01
3.929664537002929836e-01
2.577712644738439640e-01
2.508133597922780345e-01
2.628741950999100019e-01
2.628598062182989636e-01
2.743739993113659681e-01
2.690362858739099861e-01
2.677152820124020227e-01
2.707419238610810353e-01
2.788601980699900174e-01
2.663729248651339754e-01
2.747357863102090070e-01
2.724892752024269948e-01
2.790207077156109938e-01
2.650665604209049842e-01
2.734373239896500385e-01
2.707603045412920184e-01
2.792344862663979632e-01
2.851888176791740337e-01
2.772842353560000528e-01
2.860895930807000331e-01
3.010933255684080101e-01
3.267678458174060330e-01
2.964096162241020016e-01
2.870225018331700184e-01
3.055010565052910243e-01
3.126255673308019900e-01
3.195314817572489918e-01
3.261850060011289854e-01
3.198550248152420283e-01
3.389301290836410074e-01
3.122445456818609966e-01
3.153618070514870309e-01
3.125634948994189810e-01
3.236996859100839674e-01
3.067766977701790188e-01
3.229549956832080126e-01
3.207573827198710315e-01
3.295864512221359788e-01
3.160483856148609827e-01
3.050353182860440215e-01
4.426010678286370070e-01
3.525977161954269579e-01
3.171795184733249839e-01
3.110785644326909960e-01
3.175292264203359860e-01
3.086730364123799752e-01
3.070608567225129870e-01
2.877534181322199958e-01
3.002839982731659862e-01
2.977383713593829695e-01
2.913510036874819575e-01
2.965679707277399935e-01
3.106525854299029832e-01
2.926423313972409956e-01
3.117202024522370274e-01
3.026382421805209888e-01
3.059308674478600221e-01
2.937205355393960327e-01
2.868897716476310200e-01
2.878018536366759861e-01
3.348500850931489525e-01
3.477921750111860333e-01
3.319197897227130212e-01
3.474810038398319922e-01
3.145247324024850188e-01
3.211174366118140222e-01
3.292838402346300319e-01
3.089551931568109699e-01
3.286205451595839988e-01
3.493743132828100451e-01
3.506833746136889807e-01
3.445558216791049788e-01
3.423841723314660079e-01
3.240042145805370200e-01
3.362014423208409819e-01
3.346265195113770075e-01
3.333796657262820262e-01
3.025413120834890002e-01
3.258282076119729531e-01
3.279653390966850157e-01
4.426677838953090305e-01
4.691716421797559877e-01
4.430595414683849986e-01
4.872377832708999490e-01
4.640173792102830208e-01
4.232435885694590394e-01
4.005256708633130325e-01
3.693551798716560031e-01
4.060015870420680129e-01
3.588961693605760006e-01
3.642925394193080035e-01
3.792458863491730003e-01
4.425057420529090457e-01
4.509369578393629951e-01
3.724235417303949913e-01
3.981795618207309984e-01
3.852850321358359809e-01
3.799492026882920204e-01
3.971997509057860198e-01
3.653672341869009799e-01
4.487980231115150098e-01
4.233694127449880162e-01
3.843571806634880073e-01
3.656911907145620200e-01
4.046902564552500303e-01
4.266129705375290015e-01
4.274992214679340097e-01
4.257300996123740133e-01
4.013390037425930146e-01
3.950426448049830230e-01
3.953387556471479880e-01
3.989916262669079838e-01
4.157446836387889699e-01
4.342370948936239983e-01
4.217631103835350337e-01
4.592028169544150051e-01
4.199689382941740323e-01
4.232406984456960064e-01
4.216047539901809915e-01
4.433474322436069537e-01
3.407268370012029868e-01
3.236310571582809992e-01
3.363777581172049946e-01
3.334724914648439786e-01
3.299595581637389530e-01
3.591031643831150144e-01
3.635784786645499533e-01
3.258924056669860181e-01
3.414755375572999796e-01
3.321405694457759683e-01
3.103873005723979950e-01
3.184328480495060010e-01
3.095060695603550349e-01
3.224489730908819962e-01
3.156988869973280099e-01
3.181673941310240172e-01
3.081777396791139934e-01
3.068213491861809805e-01
3.192017050751049800e-01
3.155996438920309899e-01
3.707120562322440138e-01
3.674735058452869851e-01
3.498967733552850179e-01
3.853154817683710487e-01
3.823286779558430215e-01
4.219156649828230132e-01
4.185472109479290159e-01
4.205139621762670199e-01
4.280725144712769770e-01
4.828310687386530020e-01
4.207329387514270325e-01
4.367471800624920242e-01
4.798317839690109943e-01
4.385697611579170152e-01
4.262410636727779756e-01
4.099270818380690296e-01
3.668174289710520175e-01
4.186054686376559641e-01
3.738406090526210090e-01
3.857807700651499916e-01
5.388172097701939833e-01
5.516330846039719793e-01
5.532390112968700313e-01
5.438011114090579579e-01
5.894401156148839638e-01
5.112556987486389648e-01
5.305820471809770122e-01
4.902990677842909983e-01
4.670949066160129948e-01
4.740722639735819866e-01
5.355345733494060179e-01
4.852553202646679997e-01
4.660634284236470082e-01
4.601391776023230351e-01
5.149841659195799615e-01
5.694036172239099747e-01
4.240441230890529822e-01
4.293235710028769914e-01
4.433263321993849981e-01
4.084859283912120054e-01
3.213505125475380475e-01
3.652013469424529868e-01
3.646267251579780044e-01
3.430289121711330158e-01
3.296337896793530287e-01
3.435389036133470464e-01
3.269103738759959743e-01
3.288206468868730137e-01
3.323712777823000231e-01
3.288136137408440018e-01
3.101357065489360187e-01
3.190745290523420152e-01
3.341116501259470128e-01
3.307781838337919833e-01
3.041311733090200087e-01
3.326796383448060168e-01
3.211740285893679991e-01
3.298645554207380037e-01
3.299759078216679686e-01
3.312683451152430014e-01
3.625917588505380151e-01
4.121858139215069938e-01
4.282544821166429649e-01
4.140421380042419996e-01
4.522207394421010052e-01
4.277718667509110007e-01
4.072440004438709904e-01
3.988933148479700264e-01
4.050546279973830099e-01
4.044770489031330185e-01
3.942803267018220037e-01
3.874118725670370189e-01
3.696741349684229960e-01
3.623304692867150290e-01
4.023748808988240055e-01
3.702450484478810311e-01
4.127648068399559778e-01
3.990230988200110240e-01
3.911000523950469709e-01
3.658596917883999988e-01
4.694290182087659802e-01
4.691043223028389941e-01
5.070932024376759717e-01
5.823676118905569687e-01
5.616746531151360911e-01
5.007625058345720470e-01
4.531523406324720060e-01
4.377835853968589652e-01
4.075932645425049961e-01
4.043574783753600133e-01
4.288357358765449989e-01
4.014270880046200141e-01
4.178600184075079715e-01
4.493573933770499962e-01
4.276465981260980098e-01
4.877503952719070002e-01
4.662380820797569769e-01
4.350659358248730180e-01
4.134055799016179700e-01
4.465253538472400141e-01
3.719654317038100233e-01
3.773729241513359978e-01
3.612377789121880012e-01
4.211257268179999791e-01
3.782390458101470010e-01
3.834148567127190210e-01
3.753976296394940237e-01
3.985838467297749821e-01
3.755504485752719779e-01
4.058720173601870207e-01
3.864433593794049937e-01
3.728935367128660139e-01
3.822476577353440264e-01
3.763541992629980126e-01
3.789941668723130208e-01
3.695498820018000008e-01
3.554144865966070155e-01
3.785515025543749745e-01
3.496234249574720065e-01
3.570780255849180240e-01
3.190577730934510137e-01
3.094229073849270040e-01
3.053422863129099940e-01
3.205447442457859952e-01
3.712378967895980098e-01
5.652794017714840580e-01
5.966290290196629709e-01
3.024453822957400284e-01
3.067161974196560004e-01
3.096741801811970229e-01
3.070837213349640327e-01
2.998379761066639615e-01
2.906976500235379790e-01
3.023352781380950205e-01
3.107688049024689980e-01
2.931177272371889853e-01
3.076862859043369980e-01
2.966486048827279842e-01
2.938251332785150050e-01
2.966614146879800185e-01
3.411760264653559971e-01
3.170156897194429946e-01
3.005751399931629875e-01
3.027279171246500256e-01
3.094260609671399820e-01
2.965770699201379923e-01
2.969034199679799757e-01
3.088660649616489784e-01
3.185444334306080094e-01
3.270769138369889473e-01
3.202020189899640323e-01
3.214773779635309858e-01
3.370169681734699885e-01
3.338149908882390160e-01
3.327906158334109632e-01
2.927748275804130107e-01
3.354186519826269919e-01
3.257404392616420341e-01
3.375890432103350047e-01
3.451791560306730067e-01
2.832989749096929688e-01
2.876747478637969868e-01
2.768740427885509892e-01
2.779453235658529975e-01
2.702532505231269866e-01
2.675506142494880057e-01
2.766370351984879794e-01
2.790429187274510170e-01
2.714611800269230435e-01
2.719025875705159967e-01
2.720891764207040153e-01
2.795772404846170178e-01
2.856490759549930036e-01
2.725948880336540037e-01
2.783065691012310272e-01
2.795050554926800102e-01
2.976099575496710115e-01
2.812811148174100273e-01
2.799224014079459977e-01
2.753831544669729792e-01
2.839878903174060110e-01
2.514957420837879987e-01
2.544866799111790145e-01
2.491621947005610016e-01
2.463729209455730318e-01
2.431125831035970131e-01
2.444387138537819915e-01
2.433013817322859929e-01
2.485521096811169617e-01
2.499087317143560139e-01
2.462962543526489856e-01
2.474592954577320147e-01
2.490584953360339970e-01
2.501833348478110230e-01
2.582937991053750326e-01
2.578745653164700169e-01
2.437772263966820063e-01
2.447453160723620236e-01
2.451464721685600034e-01
2.530546938367729815e-01
3.533710573043829517e-01
3.507542761790409802e-01
3.611740144459970048e-01
3.532511838345069877e-01
3.346583768909119905e-01
3.271452064526349512e-01
3.353337175077009680e-01
3.171754373781129899e-01
3.219098675080699912e-01
3.247509882662930059e-01
3.272273017280120100e-01
3.434056694803310217e-01
3.261830363862530113e-01
3.358293559147180196e-01
3.341998725526950098e-01
3.378507474916609965e-01
3.274000940468290155e-01
3.300125335360210022e-01
3.226463237441209997e-01
3.350032164897109865e-01
3.757804382854039726e-01
4.219516043007439654e-01
3.732994436126990112e-01
4.123415037408109662e-01
3.890093235250410286e-01
4.034775804604410210e-01
4.032375870091959857e-01
3.859467502853820009e-01
3.961958563126489752e-01
3.931455760580320202e-01
3.988068496842580024e-01
3.766997227697190254e-01
3.746320527590419891e-01
3.791264959876959884e-01
3.801545497615400060e-01
4.219622682603589858e-01
3.971090727837569556e-01
3.872933438613939683e-01
3.974312998308270339e-01
3.575513820533289810e-01
