-2.595026576328720935e+01
-2.585026576328720793e+01
-2.575026576328720651e+01
-2.565026576328720509e+01
-2.555026576328720367e+01
-2.545026576328720225e+01
-2.535026576328720083e+01
-2.525026576328719941e+01
-2.515026576328719798e+01
-2.505026576328719656e+01
-2.495026576328719514e+01
-2.485026576328719372e+01
-2.475026576328719230e+01
-2.465026576328719088e+01
-2.455026576328718946e+01
-2.445026576328718804e+01
-2.435026576328718662e+01
-2.425026576328718519e+01
-2.415026576328718377e+01
-2.405026576328718235e+01
-2.395026576328718093e+01
-2.385026576328717951e+01
-2.375026576328717809e+01
-2.365026576328717667e+01
-2.355026576328717525e+01
-2.345026576328717383e+01
-2.335026576328717240e+01
-2.325026576328717098e+01
-2.315026576328716956e+01
-2.305026576328716814e+01
-2.295026576328716672e+01
-2.285026576328716530e+01
-2.275026576328716388e+01
-2.265026576328716246e+01
-2.255026576328716104e+01
-2.245026576328715961e+01
-2.235026576328715819e+01
-2.225026576328715677e+01
-2.215026576328715535e+01
-2.205026576328715393e+01
-2.195026576328715251e+01
-2.185026576328715109e+01
-2.175026576328714967e+01
-2.165026576328714825e+01
-2.155026576328714683e+01
-2.145026576328714540e+01
-2.135026576328714398e+01
-2.125026576328714256e+01
-2.115026576328714114e+01
-2.105026576328713972e+01
-2.095026576328713830e+01
-2.085026576328713688e+01
-2.075026576328713546e+01
-2.065026576328713404e+01
-2.055026576328713261e+01
-2.045026576328713119e+01
-2.035026576328712977e+01
-2.025026576328712835e+01
-2.015026576328712693e+01
-2.005026576328712551e+01
-1.995026576328712409e+01
-1.985026576328712267e+01
-1.975026576328712125e+01
-1.965026576328711982e+01
-1.955026576328711840e+01
-1.945026576328711698e+01
-1.935026576328711556e+01
-1.925026576328711414e+01
-1.915026576328711272e+01
-1.905026576328711130e+01
-1.895026576328710988e+01
-1.885026576328710846e+01
-1.875026576328710703e+01
-1.865026576328710561e+01
-1.855026576328710419e+01
-1.845026576328710277e+01
-1.835026576328710135e+01
-1.825026576328709993e+01
-1.815026576328709851e+01
-1.805026576328709709e+01
-1.795026576328709567e+01
-1.785026576328709425e+01
-1.775026576328709282e+01
-1.765026576328709140e+01
-1.755026576328708998e+01
-1.745026576328708856e+01
-1.735026576328708714e+01
-1.725026576328708572e+01
-1.715026576328708430e+01
-1.705026576328708288e+01
-1.695026576328708146e+01
-1.685026576328708003e+01
-1.675026576328707861e+01
-1.665026576328707719e+01
-1.655026576328707577e+01
-1.645026576328707435e+01
-1.635026576328707293e+01
-1.625026576328707151e+01
-1.615026576328707009e+01
-1.605026576328706867e+01
-1.595026576328706724e+01
-1.585026576328706582e+01
-1.575026576328706440e+01
-1.565026576328706298e+01
-1.555026576328706156e+01
-1.545026576328706014e+01
-1.535026576328705872e+01
-1.525026576328705730e+01
-1.515026576328705588e+01
-1.505026576328705445e+01
-1.495026576328705303e+01
-1.485026576328705161e+01
-1.475026576328705019e+01
-1.465026576328704877e+01
-1.455026576328704735e+01
-1.445026576328704593e+01
-1.435026576328704451e+01
-1.425026576328704309e+01
-1.415026576328704166e+01
-1.405026576328704024e+01
-1.395026576328703882e+01
-1.385026576328703740e+01
-1.375026576328703598e+01
-1.365026576328703456e+01
-1.355026576328703314e+01
-1.345026576328703172e+01
-1.335026576328703030e+01
-1.325026576328702888e+01
-1.315026576328702745e+01
-1.305026576328702603e+01
-1.295026576328702461e+01
-1.285026576328702319e+01
-1.275026576328702177e+01
-1.265026576328702035e+01
-1.255026576328701893e+01
-1.245026576328701751e+01
-1.235026576328701609e+01
-1.225026576328701466e+01
-1.215026576328701324e+01
-1.205026576328701182e+01
-1.195026576328701040e+01
-1.185026576328700898e+01
-1.175026576328700756e+01
-1.165026576328700614e+01
-1.155026576328700472e+01
-1.145026576328700330e+01
-1.135026576328700187e+01
-1.125026576328700045e+01
-1.115026576328699903e+01
-1.105026576328699761e+01
-1.095026576328699619e+01
-1.085026576328699477e+01
-1.075026576328699335e+01
-1.065026576328699193e+01
-1.055026576328699051e+01
-1.045026576328698908e+01
-1.035026576328698766e+01
-1.025026576328698624e+01
-1.015026576328698482e+01
-1.005026576328698340e+01
-9.950265763286981979e+00
-9.850265763286980558e+00
-9.750265763286979137e+00
-9.650265763286977716e+00
-9.550265763286976295e+00
-9.450265763286974874e+00
-9.350265763286973453e+00
-9.250265763286972032e+00
-9.150265763286970611e+00
-9.050265763286969189e+00
-8.950265763286967768e+00
-8.850265763286966347e+00
-8.750265763286964926e+00
-8.650265763286963505e+00
-8.550265763286962084e+00
-8.450265763286960663e+00
-8.350265763286959242e+00
-8.250265763286957821e+00
-8.150265763286956400e+00
-8.050265763286954979e+00
-7.950265763286953558e+00
-7.850265763286952136e+00
-7.750265763286950715e+00
-7.650265763286949294e+00
-7.550265763286947873e+00
-7.450265763286946452e+00
-7.350265763286945031e+00
-7.250265763286943610e+00
-7.150265763286942189e+00
-7.050265763286940768e+00
